Data_GAL/relieve_normalized.asc
ncols        310
nrows        310
xllcorner    -14131.897400000133
yllcorner    4637882.999189999886
cellsize     666.513583548387
[rows 144 to 161 of 310, columns 40 to 79 of 310]
8.0048427581787109375 16.604986190795898438 23.499826431274414062 28.520711898803710938 25.7269134521484375 23.2982940673828125 22.075212478637695312 14.533638954162597656 9.144054412841796875 3.8167469501495361328 7.2270522117614746094 11.413799285888671875 9.7062845230102539062 15.409183502197265625 14.417857170104980469 16.140798568725585938 14.801113128662109375 15.6777191162109375 14.194440841674804688 20.006517410278320312 29.290452957153320312 24.21124267578125 25.090593338012695312 26.158613204956054688 24.571361541748046875 19.056356430053710938 16.659406661987304688 9.4431972503662109375 10.434282302856445312 11.434911727905273438 6.9698939323425292969 6.1614465713500976562 10.254922866821289062 6.7408852577209472656 4.7299857139587402344 0.49387979507446289062 0.44370126724243164062 1.7288684844970703125 7.6798157691955566406 13.549639701843261719
8.7886590957641601562 15.421766281127929688 26.998149871826171875 32.89771270751953125 31.094181060791015625 27.763456344604492188 22.198415756225585938 17.226358413696289062 7.4447827339172363281 8.7189111709594726562 11.107763290405273438 8.9811305999755859375 7.3828897476196289062 15.054270744323730469 9.2638368606567382812 10.289194107055664062 10.512707710266113281 10.454286575317382812 17.68991851806640625 26.102891921997070312 25.071313858032226562 16.58941650390625 16.93733978271484375 23.030481338500976562 24.711004257202148438 20.31558990478515625 13.123147010803222656 12.247118949890136719 9.02846527099609375 11.949904441833496094 9.0513134002685546875 3.500347137451171875 6.3750786781311035156 8.2123537063598632812 6.7705297470092773438 0.55297565460205078125 0.26814886927604675293 1.4454876184463500977 3.9817426204681396484 3.8873147964477539062
14.87592315673828125 12.009819984436035156 26.123956680297851562 32.82883453369140625 30.197858810424804688 25.1614990234375 20.011144638061523438 14.200176239013671875 11.09474945068359375 5.4805903434753417969 9.2418565750122070312 7.6216840744018554688 5.214996337890625 9.8432750701904296875 10.038542747497558594 6.8433628082275390625 8.9799737930297851562 14.9849090576171875 19.664571762084960938 28.069009780883789062 21.209741592407226562 12.767656326293945312 15.249972343444824219 20.632904052734375 17.479421615600585938 13.737435340881347656 12.10530853271484375 12.24962615966796875 4.4728269577026367188 4.5559277534484863281 5.6545038223266601562 4.2671961784362792969 2.4493467807769775391 6.3292860984802246094 2.0945303440093994141 0.31779712438583374023 0.24313190579414367676 1.5974690914154052734 2.2483916282653808594 1.5762603282928466797
16.006120681762695312 22.666219711303710938 24.82509613037109375 30.879152297973632812 27.995935440063476562 23.850738525390625 20.14215850830078125 14.089939117431640625 8.2790174484252929688 6.5079240798950195312 3.1209962368011474609 5.3604707717895507812 5.2780928611755371094 8.3341131210327148438 5.0551099777221679688 5.2966022491455078125 12.567038536071777344 20.08518218994140625 22.53713226318359375 20.005649566650390625 17.246700286865234375 12.956945419311523438 12.997050285339355469 15.004575729370117188 11.509673118591308594 8.8209543228149414062 12.388641357421875 10.493089675903320312 3.0712032318115234375 3.4437582492828369141 4.3036851882934570312 5.28185272216796875 2.4285235404968261719 2.6475541591644287109 0.30063715577125549316 0.26800423860549926758 0.25098884105682373047 0.34797167778015136719 0.94129258394241333008 0.74216932058334350586
28.288328170776367188 27.250728607177734375 27.999454498291015625 25.137012481689453125 24.13040924072265625 16.282657623291015625 12.590898513793945312 9.7513055801391601562 7.4471921920776367188 4.2002434730529785156 2.1020498275756835938 2.3474953174591064453 4.2358646392822265625 4.4829010963439941406 3.224727630615234375 9.9261350631713867188 13.588730812072753906 21.287828445434570312 19.28864288330078125 15.526654243469238281 13.7129974365234375 11.1343231201171875 10.453371047973632812 8.016315460205078125 7.6822257041931152344 7.94150543212890625 5.0654249191284179688 4.6546940803527832031 2.0329761505126953125 0.93160390853881835938 1.972096562385559082 3.3152508735656738281 0.83254843950271606445 0.21536743640899658203 0.19787004590034484863 0.20582340657711029053 0.20191901922225952148 2.4265952110290527344 5.3554091453552246094 5.6029758453369140625
26.839033126831054688 27.163965225219726562 26.069486618041992188 27.042690277099609375 17.284055709838867188 13.538360595703125 10.399721145629882812 9.1320037841796875 10.647433280944824219 5.0502409934997558594 2.0756351947784423828 2.1144378185272216797 2.7034204006195068359 3.7274763584136962891 3.9239485263824462891 9.0027256011962890625 13.073306083679199219 17.807485580444335938 14.147541046142578125 13.275128364562988281 9.8087635040283203125 8.6930742263793945312 8.0104351043701171875 5.8961415290832519531 7.0155420303344726562 9.9215555191040039062 6.4901375770568847656 2.1408524513244628906 0.37067493796348571777 0.20529317855834960938 0.29239457845687866211 0.41670805215835571289 0.24067358672618865967 0.24650606513023376465 0.23484113812446594238 0.66340696811676025391 0.57953506708145141602 2.1798000335693359375 8.6678171157836914062 11.201468467712402344
26.504510879516601562 26.308038711547851562 25.290203094482421875 24.006383895874023438 19.260540008544921875 12.104585647583007812 7.2339453697204589844 8.3031187057495117188 11.346171379089355469 7.2412238121032714844 3.2782800197601318359 2.3396384716033935547 2.1767632961273193359 1.7295433282852172852 6.250186920166015625 9.8459262847900390625 13.030213356018066406 13.800050735473632812 11.052042007446289062 9.9491748809814453125 7.5917019844055175781 5.0462884902954101562 4.1206135749816894531 7.9456510543823242188 9.988315582275390625 13.261198997497558594 6.8374829292297363281 1.5681622028350830078 0.12011989206075668335 0.14880019426345825195 0.14407637715339660645 0.10532181710004806519 0.2019672393798828125 0.19329081475734710693 0.48997536301612854004 0.52193349599838256836 0.68900227546691894531 2.0978562831878662109 11.190189361572265625 14.464324951171875
25.45220947265625 26.509090423583984375 26.356241226196289062 23.866502761840820312 17.642778396606445312 10.086792945861816406 4.8275952339172363281 5.5013170242309570312 12.517679214477539062 10.232748985290527344 4.4574503898620605469 1.2312288284301757812 1.8343348503112792969 1.6023857593536376953 5.7474379539489746094 10.247258186340332031 11.621551513671875 9.3144979476928710938 5.5516881942749023438 3.6242268085479736328 3.5369808673858642578 3.5279676914215087891 5.2862391471862792969 7.3739728927612304688 10.245089530944824219 7.5367517471313476562 2.2997272014617919922 0.14634189009666442871 0.28622469305992126465 1.3221380710601806641 1.1086024045944213867 1.277599334716796875 0.73127567768096923828 0.37438651919364929199 0.32290655374526977539 0.93184494972229003906 1.855591893196105957 2.5674421787261962891 6.4148931503295898438 13.699017524719238281
24.616865158081054688 26.100381851196289062 26.860097885131835938 21.657056808471679688 13.977289199829101562 6.3425898551940917969 4.0775690078735351562 5.5735721588134765625 12.342175483703613281 10.318501472473144531 3.4547481536865234375 1.1473569869995117188 0.64364403486251831055 1.4054797887802124023 4.49172210693359375 8.9620914459228515625 5.803737640380859375 4.6497287750244140625 3.3518846035003662109 2.7024562358856201172 2.3206951618194580078 3.7853188514709472656 4.7376499176025390625 7.2201108932495117188 6.7379450798034667969 4.0872092247009277344 1.0126318931579589844 0.15121030807495117188 0.57490766048431396484 4.3655290603637695312 2.5435819625854492188 2.1084609031677246094 1.4739269018173217773 0.62417036294937133789 1.2308914661407470703 1.5769351720809936523 1.3078222274780273438 1.8572790622711181641 7.4072809219360351562 14.046796798706054688
24.131807327270507812 26.6947174072265625 26.649021148681640625 23.273807525634765625 13.598179817199707031 5.5579066276550292969 2.2803978919982910156 4.3847613334655761719 11.976512908935546875 7.8645267486572265625 2.2290143966674804688 0.90894883871078491211 1.2774064540863037109 0.67029982805252075195 4.1716594696044921875 4.1409549713134765625 2.6023404598236083984 2.4469847679138183594 1.7813123464584350586 2.0844559669494628906 3.8232543468475341797 5.2259383201599121094 5.8940691947937011719 8.4887456893920898438 4.4915294647216796875 3.1134285926818847656 0.13530358672142028809 0.16668321192264556885 1.2143099308013916016 4.2035694122314453125 7.3410501480102539062 5.484012603759765625 3.6142973899841308594 1.0803558826446533203 1.081753849983215332 2.1343934535980224609 3.1653902530670166016 3.9563405513763427734 5.9702763557434082031 12.185228347778320312
24.776605606079101562 24.676202774047851562 24.33054351806640625 18.432619094848632812 7.8829398155212402344 5.3338627815246582031 1.8789218664169311523 4.939472198486328125 8.8932094573974609375 3.9415903091430664062 4.2135958671569824219 2.1981167793273925781 1.1737235784530639648 0.087776206433773040771 2.8960363864898681641 2.3221411705017089844 1.4341118335723876953 1.5196708440780639648 1.8392996788024902344 2.8497140407562255859 4.1015253067016601562 9.7710199356079101562 6.1791853904724121094 4.2992024421691894531 4.7216467857360839844 2.4169065952301025391 0.80275946855545043945 0.41068276762962341309 0.80998975038528442383 4.093090057373046875 3.6453881263732910156 6.3510737419128417969 7.200878143310546875 4.8771471977233886719 3.5165917873382568359 1.5550513267517089844 4.2897062301635742188 6.1723885536193847656 4.059734344482421875 7.967052459716796875
24.027303695678710938 22.674364089965820312 20.371023178100585938 13.324004173278808594 7.70136260986328125 2.5483541488647460938 1.7941823005676269531 2.8416645526885986328 7.9797296524047851562 4.6404743194580078125 5.0820546150207519531 0.99426674842834472656 1.7774561643600463867 0.087776206433773040771 1.7846863269805908203 1.5216470956802368164 0.61819326877593994141 2.3373246192932128906 2.7582263946533203125 2.8836483955383300781 6.4025058746337890625 5.7592959403991699219 5.734905242919921875 2.7737956047058105469 2.1438410282135009766 3.842197418212890625 1.367592930793762207 0.18591588735580444336 0.74019300937652587891 1.9615404605865478516 3.8015630245208740234 6.8031625747680664062 11.397990226745605469 10.510828018188476562 7.1689696311950683594 4.5325975418090820312 2.2829043865203857422 6.3753194808959960938 7.2976694107055664062 8.3498744964599609375
23.181741714477539062 21.29857635498046875 12.030980110168457031 10.820285797119140625 6.213504791259765625 1.9499236345291137695 1.2112249135971069336 4.1782631874084472656 6.4817018508911132812 4.9586086273193359375 4.3536710739135742188 0.092596434056758880615 0.63805258274078369141 0.087776206433773040771 0.090668335556983947754 0.2761504054069519043 0.35886541008949279785 1.4554655551910400391 1.993546605110168457 4.04146575927734375 6.8906979560852050781 3.5454165935516357422 6.5356888771057128906 3.4964430332183837891 0.77031940221786499023 0.68394106626510620117 0.087776206433773040771 1.4223505258560180664 2.2210609912872314453 2.4500696659088134766 3.0018887519836425781 7.1924915313720703125 15.29282379150390625 14.065210342407226562 11.526159286499023438 4.6932077407836914062 2.3387708663940429688 5.2604508399963378906 5.2323007583618164062 7.1007623672485351562
24.354259490966796875 14.553353309631347656 9.8798122406005859375 10.194380760192871094 6.29270172119140625 1.9596604108810424805 1.5685961246490478516 4.2316713333129882812 2.2534048557281494141 4.8359823226928710938 2.8889508247375488281 0.087776206433773040771 0.087776206433773040771 0.087776206433773040771 0.087776206433773040771 0.087776206433773040771 1.57283782958984375 2.315826416015625 4.5432505607604980469 6.6595206260681152344 5.6752309799194335938 2.3435912132263183594 7.0041170120239257812 6.7351007461547851562 1.6474547386169433594 0.087776206433773040771 1.4278457164764404297 1.2881073951721191406 1.5069936513900756836 3.0097455978393554688 3.0622375011444091797 4.0809431076049804688 7.3000302314758300781 10.253090858459472656 16.322134017944335938 5.76059722900390625 4.7740907669067382812 5.4914841651916503906 6.7769885063171386719 9.0522775650024414062
23.119174957275390625 11.883434295654296875 7.5544414520263671875 9.3859806060791015625 10.321874618530273438 1.8891890048980712891 1.4575862884521484375 2.2493076324462890625 3.0735170841217041016 3.8980154991149902344 1.8185243606567382812 0.087776206433773040771 0.087776206433773040771 0.087776206433773040771 0.087776206433773040771 0.10315270721912384033 1.5980476140975952148 4.0161595344543457031 4.2451200485229492188 6.0279746055603027344 3.1165134906768798828 1.5600644350051879883 2.4514193534851074219 3.9897925853729248047 0.087776206433773040771 0.77846550941467285156 3.1814417839050292969 4.2726430892944335938 2.6980700492858886719 3.7948145866394042969 4.241504669189453125 5.1132898330688476562 6.2663822174072265625 10.32949066162109375 16.934206008911132812 6.4698925018310546875 6.4666628837585449219 5.4658885002136230469 6.8534374237060546875 9.3413944244384765625
16.604551315307617188 9.29618072509765625 6.6370091438293457031 6.2234826087951660156 3.7652666568756103516 0.19999095797538757324 0.72631078958511352539 1.2610659599304199219 1.6351152658462524414 1.9650591611862182617 0.087776206433773040771 0.087776206433773040771 0.087776206433773040771 0.087776206433773040771 0.091005757451057434082 1.3329836130142211914 2.5122025012969970703 1.9373912811279296875 2.7960169315338134766 5.1767716407775878906 2.1336221694946289062 0.087776206433773040771 0.32970306277275085449 1.3917903900146484375 0.087776206433773040771 1.4810125827789306641 4.1919527053833007812 7.2547206878662109375 9.04345703125 5.8662557601928710938 7.1659803390502929688 8.4160566329956054688 7.8393168449401855469 12.087810516357421875 13.391344070434570312 5.6376328468322753906 8.1830959320068359375 7.8210964202880859375 9.1097345352172851562 9.11759185791015625
9.902660369873046875 4.8333797454833984375 6.7628169059753417969 5.507968902587890625 3.0412695407867431641 0.087776206433773040771 0.087776206433773040771 0.12542213499546051025 0.3412233889102935791 1.1677947044372558594 0.89723569154739379883 0.26029190421104431152 0.087776206433773040771 0.087776206433773040771 0.087776206433773040771 0.087776206433773040771 0.087776206433773040771 1.7437627315521240234 2.2039973735809326172 1.4486689567565917969 0.087776206433773040771 0.087776206433773040771 0.087776206433773040771 0.087776206433773040771 0.65714067220687866211 2.7806887626647949219 8.1195163726806640625 7.1236586570739746094 11.612247467041015625 10.904929161071777344 11.884203910827636719 14.082612037658691406 16.640413284301757812 14.339722633361816406 11.972752571105957031 8.9323978424072265625 7.2108082771301269531 6.0344338417053222656 5.9766874313354492188 9.7785882949829101562
5.4575014114379882812 2.9203784465789794922 5.2017407417297363281 2.638347625732421875 0.087776206433773040771 0.087776206433773040771 0.087776206433773040771 0.087776206433773040771 0.65164554119110107422 1.4895926713943481445 0.90894883871078491211 1.1816769838333129883 0.95083665847778320312 0.087776206433773040771 0.087776206433773040771 0.087776206433773040771 0.087776206433773040771 0.46013823151588439941 0.087776206433773040771 0.087776206433773040771 0.087776206433773040771 0.087776206433773040771 0.087776206433773040771 1.5670535564422607422 2.3539545536041259766 4.4525341987609863281 7.0882782936096191406 11.448553085327148438 12.305347442626953125 16.964044570922851562 18.180233001708984375 19.775775909423828125 18.35997772216796875 10.567657470703125 12.389075279235839844 7.125972747802734375 6.2273392677307128906 5.7847461700439453125 7.4765949249267578125 10.806451797485351562
