Data_GAL/relieve_normalized.asc
ncols        310
nrows        310
xllcorner    -14131.897400000133
yllcorner    4637882.999189999886
cellsize     666.513583548387
[rows 162 to 179 of 310, columns 80 to 119 of 310]
11.198624610900878906 12.177128791809082031 11.344774246215820312 11.873841285705566406 9.2821054458618164062 9.2370843887329101562 8.390605926513671875 8.785671234130859375 11.068430900573730469 18.55037689208984375 22.07294464111328125 20.080844879150390625 26.55237579345703125 25.943147659301757812 24.735202789306640625 29.872831344604492188 27.073055267333984375 24.463390350341796875 21.394693374633789062 17.524972915649414062 14.9518890380859375 14.504621505737304688 16.44528961181640625 21.214176177978515625 23.9501800537109375 27.077489852905273438 26.568376541137695312 27.2234954833984375 26.484844207763671875 27.164783477783203125 27.517095565795898438 27.230531692504882812 29.47217559814453125 30.147584915161132812 30.4486541748046875 31.553354263305664062 31.08487701416015625 32.229053497314453125 33.4112091064453125 31.113943099975585938
14.589505195617675781 11.912306785583496094 10.086070060729980469 10.332286834716796875 9.5805730819702148438 8.212497711181640625 7.6940350532531738281 8.56153106689453125 12.856781005859375 17.133764266967773438 19.177873611450195312 20.983865737915039062 23.84842681884765625 26.093296051025390625 29.17510223388671875 28.860151290893554688 29.1510009765625 24.95481109619140625 20.4785614013671875 19.553705215454101562 18.12436676025390625 17.88181304931640625 20.455280303955078125 22.075452804565429688 23.606884002685546875 23.230474472045898438 23.341096878051757812 26.975015640258789062 25.08399200439453125 24.082302093505859375 25.984937667846679688 27.082601547241210938 29.063228607177734375 29.086172103881835938 29.387241363525390625 30.91298675537109375 29.993724822998046875 32.3745269775390625 33.659885406494140625 31.72673797607421875
12.760521888732910156 10.572237014770507812 8.8048067092895507812 8.795070648193359375 8.8658313751220703125 8.7299976348876953125 7.4890317916870117188 9.381595611572265625 11.630758285522460938 17.494894027709960938 19.036497116088867188 21.092996597290039062 22.307931900024414062 26.123857498168945312 27.4427642822265625 27.416015625 24.439241409301757812 22.703767776489257812 18.546039581298828125 19.4195098876953125 18.893480300903320312 18.899553298950195312 19.698167800903320312 20.816122055053710938 20.673492431640625 19.893772125244140625 20.216245651245117188 24.407426834106445312 26.100864410400390625 23.661882400512695312 25.183385848999023438 27.418619155883789062 28.269437789916992188 28.218290328979492188 29.0969696044921875 28.83065032958984375 30.46996307373046875 32.251323699951171875 33.76636505126953125 34.819103240966796875
10.15924072265625 10.872344017028808594 8.9586687088012695312 8.215969085693359375 7.4731731414794921875 8.106983184814453125 7.49852752685546875 9.9154825210571289062 13.900600433349609375 18.364557266235351562 22.5072479248046875 23.64318084716796875 24.661548614501953125 28.70262908935546875 24.543935775756835938 20.58422088623046875 18.574190139770507812 18.648805618286132812 18.017309188842773438 18.5899505615234375 17.7952423095703125 18.628368377685546875 20.913297653198242188 22.553956985473632812 23.321865081787109375 23.237945556640625 22.850496292114257812 24.507493972778320312 26.66184234619140625 27.853158950805664062 26.068956375122070312 29.474199295043945312 29.112539291381835938 28.601160049438476562 29.32544708251953125 29.737430572509765625 30.81446075439453125 34.148944854736328125 34.87911224365234375 36.561275482177734375
7.3477029800415039062 9.9120121002197265625 9.8202342987060546875 8.6088161468505859375 6.7559728622436523438 8.8684816360473632812 7.266963958740234375 10.949130058288574219 16.273303985595703125 22.817380905151367188 22.491003036499023438 20.677974700927734375 17.619592666625976562 21.99379730224609375 18.809320449829101562 16.93536376953125 17.902299880981445312 16.580980300903320312 17.429676055908203125 18.019815444946289062 17.451848983764648438 19.051004409790039062 22.46314239501953125 26.4000091552734375 25.0438385009765625 26.25737762451171875 28.557344436645507812 27.1349945068359375 30.817258834838867188 29.886182785034179688 26.554304122924804688 28.525579452514648438 32.480381011962890625 32.810466766357421875 32.280818939208984375 31.691402435302734375 32.60121917724609375 32.84767913818359375 34.800739288330078125 35.88114166259765625
6.6700272560119628906 7.6850218772888183594 8.8771581649780273438 6.6881031990051269531 6.3358416557312011719 6.13474273681640625 6.9886932373046875 11.183103561401367188 14.546221733093261719 19.03244781494140625 16.43434906005859375 16.744434356689453125 14.862185478210449219 18.128511428833007812 17.04150390625 17.157815933227539062 19.880373001098632812 18.339155197143554688 16.7513275146484375 17.057987213134765625 18.426258087158203125 19.254564285278320312 21.562582015991210938 25.683048248291015625 27.29068756103515625 26.449176788330078125 32.373226165771484375 30.514547348022460938 31.066509246826171875 28.528230667114257812 27.444309234619140625 31.04940032958984375 33.331386566162109375 33.670440673828125 32.034893035888671875 33.015232086181640625 31.729146957397460938 33.24365997314453125 33.839630126953125 34.4165191650390625
5.9089636802673339844 6.3655347824096679688 7.5112528800964355469 7.3901205062866210938 6.240787506103515625 8.4302282333374023438 8.1796722412109375 13.085259437561035156 10.770251274108886719 13.965577125549316406 13.085020065307617188 15.334519386291503906 15.224377632141113281 14.575094223022460938 17.599782943725585938 18.299869537353515625 20.822965621948242188 21.363361358642578125 19.613622665405273438 18.509935379028320312 18.958940505981445312 18.824647903442382812 22.54937744140625 27.670520782470703125 26.679340362548828125 27.384731292724609375 34.30743408203125 33.01474761962890625 28.880878448486328125 27.571178436279296875 28.541585922241210938 30.990447998046875 32.443023681640625 33.490264892578125 32.69824981689453125 33.51956939697265625 29.789730072021484375 33.0479583740234375 36.873767852783203125 34.307094573974609375
6.6812114715576171875 7.6486291885375976562 6.04894256591796875 6.5314464569091796875 7.3614401817321777344 9.0404672622680664062 9.3272705078125 10.47260284423828125 9.8904657363891601562 11.745237350463867188 12.92363739013671875 12.470873832702636719 17.118579864501953125 20.823640823364257812 21.659757614135742188 23.439334869384765625 24.29805755615234375 24.914417266845703125 25.23896026611328125 22.709842681884765625 21.651369094848632812 23.797765731811523438 25.51419830322265625 27.486726760864257812 29.690534591674804688 31.41564178466796875 35.85269927978515625 33.375881195068359375 29.34694671630859375 31.351724624633789062 31.174871444702148438 31.334369659423828125 29.443445205688476562 29.323328018188476562 29.979265213012695312 29.322940826416015625 31.880262374877929688 37.72708892822265625 37.15271759033203125 36.0219879150390625
8.1208658218383789062 8.2369365692138671875 6.3809595108032226562 6.9203419685363769531 7.2783880233764648438 10.850701332092285156 9.649261474609375 12.058359146118164062 13.590902328491210938 13.198052406311035156 16.952762603759765625 15.497877120971679688 23.270528793334960938 24.752025604248046875 26.336427688598632812 25.359466552734375 22.52407073974609375 26.453081130981445312 26.816091537475585938 25.884342193603515625 23.242040634155273438 29.02037811279296875 27.0076446533203125 29.20142364501953125 27.821346282958984375 28.615770339965820312 33.648174285888671875 36.38996124267578125 32.269107818603515625 32.365997314453125 29.472658157348632812 31.705718994140625 27.173364639282226562 27.369594573974609375 28.698915481567382812 26.781335830688476562 32.5146484375 38.08538055419921875 36.838436126708984375 38.621002197265625
7.4199094772338867188 6.1187877655029296875 7.7971882820129394531 8.0802326202392578125 7.9034738540649414062 11.158183097839355469 11.752130508422851562 14.363774299621582031 13.958490371704101562 15.790414810180664062 19.555055618286132812 18.686693191528320312 27.397167205810546875 32.70904541015625 36.183078765869140625 28.173124313354492188 27.12419891357421875 25.158899307250976562 28.684213638305664062 29.749866485595703125 29.118133544921875 29.437469482421875 28.414377212524414062 28.03806304931640625 25.027597427368164062 30.260906219482421875 32.705291748046875 33.99884796142578125 33.75421905517578125 30.514451980590820312 29.800817489624023438 30.606470108032226562 30.113458633422851562 25.683916091918945312 26.168493270874023438 26.031982421875 30.75772857666015625 34.071533203125 36.0671539306640625 39.87469482421875
8.7772350311279296875 8.0825929641723632812 7.0572361946105957031 8.846405029296875 9.6752901077270507812 14.267756462097167969 15.158243179321289062 15.625179290771484375 16.967176437377929688 15.786027908325195312 20.791009902954101562 23.9028472900390625 33.31577301025390625 34.750362396240234375 36.33963775634765625 28.417222976684570312 29.73535919189453125 28.241283416748046875 28.896209716796875 30.670774459838867188 31.7332916259765625 30.482059478759765625 27.698526382446289062 23.790004730224609375 24.024122238159179688 26.4854736328125 26.92049407958984375 31.319957733154296875 33.089412689208984375 32.198444366455078125 29.880207061767578125 27.18560791015625 28.6242523193359375 25.888629913330078125 26.350698471069335938 28.06640625 30.4267730712890625 34.29813385009765625 36.393772125244140625 37.390979766845703125
7.0428714752197265625 6.2437276840209960938 8.329967498779296875 9.3344526290893554688 12.396546363830566406 16.6139984130859375 17.2352752685546875 17.98217010498046875 18.942743301391601562 14.765540122985839844 19.800693511962890625 24.624095916748046875 29.32544708251953125 36.061031341552734375 33.57770538330078125 31.136646270751953125 29.442819595336914062 32.253204345703125 31.546169281005859375 32.512722015380859375 30.4598388671875 24.841823577880859375 20.241937637329101562 22.963048934936523438 23.431428909301757812 23.603124618530273438 26.966047286987304688 32.0910491943359375 32.590423583984375 29.465379714965820312 30.077451705932617188 25.698427200317382812 25.958139419555664062 24.102788925170898438 26.17095184326171875 28.591955184936523438 30.7618255615234375 35.824741363525390625 33.32965087890625 37.162502288818359375
4.9757685661315917969 7.3164196014404296875 8.1043329238891601562 11.011745452880859375 13.285395622253417969 18.053943634033203125 19.150396347045898438 22.27365875244140625 22.50146484375 18.410736083984375 19.442455291748046875 23.998720169067382812 28.178813934326171875 35.382537841796875 30.706247329711914062 28.391193389892578125 33.24578094482421875 34.736675262451171875 34.833515167236328125 31.568681716918945312 26.776805877685546875 21.431133270263671875 17.619352340698242188 19.319059371948242188 19.309610366821289062 24.9188995361328125 26.191341400146484375 32.639781951904296875 33.554035186767578125 28.898281097412109375 28.256368637084960938 25.106357574462890625 23.796705245971679688 25.74359130859375 27.800809860229492188 29.447015762329101562 31.546560287475585938 33.434253692626953125 31.13553619384765625 36.015140533447265625
5.908336639404296875 8.4432420730590820312 7.8303999900817871094 9.5050401687622070312 11.693371772766113281 16.69936370849609375 18.296688079833984375 22.528650283813476562 23.729463577270507812 22.762189865112304688 22.605676651000976562 21.02382659912109375 25.5938262939453125 25.852140426635742188 22.764598846435546875 25.680011749267578125 35.67676544189453125 33.293262481689453125 31.351243972778320312 24.859609603881835938 21.205114364624023438 18.363016128540039062 16.485395431518554688 19.912137985229492188 21.652864456176757812 23.799116134643554688 24.678853988647460938 28.895580291748046875 34.329219818115234375 29.613361358642578125 28.679683685302734375 24.6575469970703125 24.940397262573242188 25.641881942749023438 28.76938629150390625 28.634134292602539062 29.919635772705078125 28.78119659423828125 31.010934829711914062 34.85303497314453125
6.4732670783996582031 10.410037040710449219 8.6622247695922851562 9.0509281158447265625 12.4556427001953125 16.034559249877929688 17.67656707763671875 20.387990951538085938 19.433345794677734375 18.3188629150390625 24.00821685791015625 21.062868118286132812 22.514043807983398438 18.537652969360351562 20.754230499267578125 27.149021148681640625 31.211938858032226562 29.0166168212890625 26.535022735595703125 20.005985260009765625 18.409578323364257812 17.337415695190429688 16.7737884521484375 22.38385009765625 26.9060821533203125 27.434814453125 27.71727752685546875 33.2134857177734375 33.148365020751953125 28.799898147583007812 25.9161529541015625 22.246908187866210938 24.843511581420898438 26.493761062622070312 26.916254043579101562 26.922374725341796875 27.596723556518554688 29.321783065795898438 31.52303314208984375 33.16552734375
9.0257663726806640625 11.647049903869628906 9.607952117919921875 9.9998846054077148438 11.641699790954589844 18.418254852294921875 17.784925460815429688 18.039869308471679688 14.759998321533203125 12.171875953674316406 18.180328369140625 18.034952163696289062 17.651647567749023438 17.30757904052734375 22.741510391235351562 23.73746490478515625 25.378408432006835938 23.62770843505859375 21.02474212646484375 18.289363861083984375 16.49166107177734375 15.684851646423339844 20.080411911010742188 21.70333099365234375 25.890127182006835938 31.003416061401367188 26.972311019897460938 30.450777053833007812 32.19989013671875 30.068918228149414062 26.18247222900390625 22.59473419189453125 25.693220138549804688 26.197416305541992188 27.447393417358398438 27.151287078857421875 28.569591522216796875 29.61711883544921875 30.943498611450195312 33.58719635009765625
11.865647315979003906 11.872973442077636719 10.077104568481445312 11.834170341491699219 19.790090560913085938 21.5397796630859375 18.888034820556640625 12.334509849548339844 12.212847709655761719 10.75608062744140625 15.624840736389160156 9.6537923812866210938 15.564637184143066406 18.447610855102539062 25.54605865478515625 27.282545089721679688 30.260715484619140625 28.176454544067382812 22.0745849609375 19.392711639404296875 18.050374984741210938 16.982118606567382812 23.412534713745117188 27.1167755126953125 28.655199050903320312 29.026592254638671875 24.327844619750976562 25.226766586303710938 27.099374771118164062 27.972074508666992188 25.654417037963867188 22.58880615234375 28.150373458862304688 28.012948989868164062 27.75728607177734375 28.600534439086914062 30.364353179931640625 32.459747314453125 31.536678314208984375 32.957340240478515625
15.529160499572753906 13.987363815307617188 11.938720703125 13.452898025512695312 20.2666168212890625 22.617099761962890625 21.319208145141601562 16.632457733154296875 12.107573509216308594 10.925848007202148438 10.249378204345703125 10.172930717468261719 16.226839065551757812 19.99542999267578125 25.461944580078125 27.333105087280273438 23.414508819580078125 26.448211669921875 20.887847900390625 20.71880340576171875 17.344743728637695312 16.321989059448242188 23.729801177978515625 26.408395767211914062 29.7036895751953125 25.933313369750976562 23.628046035766601562 22.091552734375 25.665069580078125 25.346597671508789062 24.73072052001953125 23.263395309448242188 26.805194854736328125 29.35239410400390625 32.0097808837890625 29.298936843872070312 29.876253128051757812 33.02896881103515625 29.487600326538085938 31.715070724487304688
