Data_GAL/relieve_normalized.asc
ncols        310
nrows        310
xllcorner    -14131.897400000133
yllcorner    4637882.999189999886
cellsize     666.513583548387
[rows 126 to 143 of 310, columns 160 to 199 of 310]
22.174892425537109375 21.896284103393554688 20.86181640625 22.671520233154296875 24.180973052978515625 21.9569244384765625 22.65840911865234375 24.95847320556640625 22.048074722290039062 20.344318389892578125 21.67513275146484375 25.344524383544921875 27.158277511596679688 27.14965057373046875 26.930761337280273438 27.560380935668945312 29.627481460571289062 30.79715728759765625 32.57403564453125 30.0244293212890625 28.944120407104492188 29.646379470825195312 28.648546218872070312 26.555072784423828125 25.771982192993164062 27.116485595703125 27.816286087036132812 30.013921737670898438 26.852146148681640625 24.134796142578125 23.781183242797851562 24.54306793212890625 20.890642166137695312 20.885580062866210938 25.41841888427734375 25.4649810791015625 23.921596527099609375 25.803989410400390625 26.170518875122070312 26.873981475830078125
21.18091583251953125 20.196386337280273438 21.326389312744140625 22.687234878540039062 22.650360107421875 20.640134811401367188 22.8738250732421875 23.662750244140625 21.500400543212890625 20.555830001831054688 22.713167190551757812 25.327411651611328125 26.814258575439453125 26.777866363525390625 25.914707183837890625 26.923772811889648438 28.466724395751953125 31.486064910888671875 31.580251693725585938 29.282161712646484375 28.674381256103515625 27.82038116455078125 27.748849868774414062 27.765911102294921875 30.088922500610351562 28.438673019409179688 29.141941070556640625 32.74727630615234375 28.910715103149414062 26.603326797485351562 25.781187057495117188 24.359466552734375 23.7554931640625 22.9978485107421875 20.755916595458984375 21.510040283203125 24.769857406616210938 25.808950424194335938 25.8918609619140625 26.680833816528320312
19.894929885864257812 20.292356491088867188 21.419855117797851562 22.41855621337890625 21.398548126220703125 21.547542572021484375 22.787158966064453125 22.859750747680664062 20.9175872802734375 21.260160446166992188 22.911952972412109375 24.897546768188476562 26.773288726806640625 25.662273406982421875 25.63002777099609375 28.276088714599609375 28.549585342407226562 32.119052886962890625 30.307664871215820312 28.745525360107421875 28.309106826782226562 28.069105148315429688 27.42261505126953125 29.217281341552734375 32.0352783203125 31.561405181884765625 30.963022232055664062 29.233816146850585938 27.145936965942382812 26.040613174438476562 24.181070327758789062 22.53376007080078125 24.165067672729492188 22.591119766235351562 22.7319183349609375 21.342393875122070312 21.032596588134765625 24.218473434448242188 25.242916107177734375 25.549816131591796875
19.659221649169921875 20.897825241088867188 21.692052841186523438 22.458660125732421875 21.565858840942382812 20.226078033447265625 22.82562255859375 20.987287521362304688 20.572122573852539062 22.02045440673828125 22.314487457275390625 24.6035614013671875 25.76735687255859375 24.679479598999023438 26.314931869506835938 28.991067886352539062 29.645751953125 30.461574554443359375 30.3452606201171875 29.587810516357421875 29.477718353271484375 28.066986083984375 27.887287139892578125 31.14069366455078125 33.859783172607421875 31.905714035034179688 30.404937744140625 29.271463394165039062 29.32482147216796875 25.06793975830078125 25.991544723510742188 25.073534011840820312 21.849191665649414062 20.839885711669921875 23.219051361083984375 20.009458541870117188 19.94901275634765625 22.049615859985351562 23.925355911254882812 25.786539077758789062
19.796743392944335938 20.06879425048828125 21.336559295654296875 21.5215606689453125 18.666591644287109375 21.213260650634765625 22.071933746337890625 20.338582992553710938 20.919612884521484375 21.78594970703125 22.25452423095703125 23.852813720703125 24.404293060302734375 25.240888595581054688 27.091949462890625 27.377307891845703125 28.369066238403320312 28.222486495971679688 28.336194992065429688 30.69964599609375 31.361461639404296875 29.323711395263671875 29.841068267822265625 31.200078964233398438 30.875726699829101562 30.020135879516601562 27.92584991455078125 27.991788864135742188 26.818210601806640625 31.172555923461914062 29.585596084594726562 27.772661209106445312 24.249032974243164062 24.677022933959960938 23.501514434814453125 23.013179779052734375 22.220685958862304688 21.238855361938476562 23.893880844116210938 23.151662826538085938
19.127695083618164062 20.146305084228515625 18.387790679931640625 18.7921600341796875 22.712009429931640625 22.706178665161132812 22.335599899291992188 23.260263442993164062 23.090303421020507812 20.7756805419921875 22.371219635009765625 22.83969879150390625 25.32804107666015625 26.8957672119140625 27.559223175048828125 27.77637481689453125 26.763597488403320312 27.025913238525390625 28.640062332153320312 31.290071487426757812 31.429424285888671875 30.766790390014648438 30.8003387451171875 30.771610260009765625 29.997289657592773438 28.669511795043945312 30.19742584228515625 27.464458465576171875 29.077783584594726562 31.621318817138671875 33.69420623779296875 28.527217864990234375 25.444158554077148438 25.413259506225585938 23.7240142822265625 21.362108230590820312 22.898118972778320312 22.215576171875 20.76068878173828125 21.08846282958984375
18.9046630859375 18.488389968872070312 16.932903289794921875 19.959905624389648438 23.36968231201171875 26.094453811645507812 24.896869659423828125 24.134023666381835938 23.999685287475585938 22.895420074462890625 24.365299224853515625 25.13585662841796875 26.881116867065429688 26.65909576416015625 26.715394973754882812 26.270633697509765625 26.379281997680664062 26.679241180419921875 29.213041305541992188 29.52707672119140625 31.570032119750976562 31.5919647216796875 30.277780532836914062 30.912553787231445312 29.635629653930664062 29.978973388671875 33.393520355224609375 29.399099349975585938 29.39577484130859375 30.882232666015625 33.431793212890625 29.971456527709960938 27.774301528930664062 25.930904388427734375 24.640918731689453125 23.429548263549804688 22.867029190063476562 25.137689590454101562 23.092037200927734375 18.930452346801757812
16.081363677978515625 17.944620132446289062 18.648082733154296875 22.857194900512695312 23.903760910034179688 25.044033050537109375 23.773134231567382812 23.97698211669921875 23.989368438720703125 24.684972763061523438 25.531064987182617188 26.968265533447265625 26.23211669921875 25.366794586181640625 25.052371978759765625 25.386026382446289062 25.803407669067382812 27.832334518432617188 28.980028152465820312 28.733188629150390625 30.9486083984375 30.599817276000976562 28.995121002197265625 30.271270751953125 30.311954498291015625 31.309694290161132812 31.905614852905273438 33.96770477294921875 30.75030517578125 33.57558441162109375 34.191028594970703125 33.5496978759765625 28.522205352783203125 25.295549392700195312 24.979295730590820312 23.408050537109375 26.824573516845703125 26.778394699096679688 25.04518890380859375 22.080995559692382812
19.939661026000976562 23.256359100341796875 22.359363555908203125 21.13661956787109375 22.012451171875 23.459722518920898438 22.875223159790039062 23.31998443603515625 24.1138763427734375 25.2957916259765625 26.020801544189453125 27.053388595581054688 25.845394134521484375 25.283113479614257812 23.922271728515625 24.582401275634765625 25.175867080688476562 27.789968490600585938 28.221235275268554688 29.452604293823242188 29.3422698974609375 29.876882553100585938 28.427347183227539062 28.97800445556640625 29.106029510498046875 31.0568695068359375 32.578037261962890625 34.1803741455078125 34.08184814453125 34.059871673583984375 34.73990631103515625 31.495269775390625 28.787847518920898438 28.3125762939453125 26.25675201416015625 27.4809417724609375 25.43890380859375 28.209230422973632812 25.337392807006835938 26.388872146606445312
25.277618408203125 26.4606475830078125 24.334737777709960938 21.767442703247070312 22.315450668334960938 21.98107147216796875 22.6415863037109375 23.433069229125976562 24.700063705444335938 24.932588577270507812 26.146802902221679688 25.758340835571289062 24.65706634521484375 24.615081787109375 24.243732452392578125 24.547117233276367188 25.312131881713867188 27.53353118896484375 27.897554397583007812 28.67081451416015625 28.172883987426757812 28.428741455078125 27.902856826782226562 27.911243438720703125 28.764135360717773438 30.288335800170898438 31.622043609619140625 33.17362213134765625 34.61746978759765625 33.354816436767578125 33.2450103759765625 32.698398590087890625 28.470533370971679688 27.481523513793945312 28.091037750244140625 27.7971954345703125 28.527799606323242188 27.375719070434570312 25.684495925903320312 24.456737518310546875
25.835994720458984375 28.3392791748046875 24.926610946655273438 22.473506927490234375 22.574007034301757812 21.904815673828125 22.44371795654296875 23.655231475830078125 23.57010650634765625 24.847705841064453125 25.058010101318359375 23.010721206665039062 23.853679656982421875 23.101146697998046875 24.335027694702148438 25.589200973510742188 28.608152389526367188 28.370851516723632812 29.246204376220703125 27.904880523681640625 27.367328643798828125 27.644495010375976562 27.406373977661132812 28.03594207763671875 29.264133453369140625 29.866037368774414062 31.952661514282226562 34.25677490234375 31.15308380126953125 30.925374984741210938 29.519561767578125 31.667110443115234375 32.23276519775390625 31.18359375 30.6092681884765625 28.916406631469726562 26.7802276611328125 27.3765869140625 26.058254241943359375 24.267063140869140625
26.633453369140625 27.994390487670898438 24.277378082275390625 24.458086013793945312 22.987485885620117188 23.655519485473632812 21.991483688354492188 22.316946029663085938 23.351366043090820312 23.084131240844726562 22.852376937866210938 22.5533294677734375 22.947526931762695312 23.202854156494140625 24.274244308471679688 26.193220138549804688 28.863042831420898438 29.739603042602539062 28.926961898803710938 27.491209030151367188 26.848529815673828125 27.18845367431640625 26.626800537109375 28.2649993896484375 30.179925918579101562 30.12310028076171875 33.329799652099609375 35.617137908935546875 32.365802764892578125 32.045257568359375 29.049104690551757812 28.853887557983398438 32.449481964111328125 30.908552169799804688 28.890810012817382812 28.934816360473632812 27.362218856811523438 25.560565948486328125 23.821239471435546875 22.765081405639648438
27.624103546142578125 28.375286102294921875 27.10390472412109375 25.198858261108398438 23.850690841674804688 23.340518951416015625 22.263248443603515625 23.208301544189453125 22.688344955444335938 24.098981857299804688 22.971628189086914062 23.368764877319335938 22.7737579345703125 23.370838165283203125 24.863611221313476562 26.050975799560546875 27.600482940673828125 28.900981903076171875 27.881404876708984375 26.945703506469726562 26.134702682495117188 26.831224441528320312 27.219783782958984375 29.105743408203125 29.968563079833984375 30.128543853759765625 32.19550323486328125 35.30584716796875 37.625675201416015625 30.587091445922851562 29.845888137817382812 26.838117599487304688 29.884401321411132812 29.561496734619140625 27.974969863891601562 26.568376541137695312 26.9809417724609375 25.865926742553710938 25.345342636108398438 24.437696456909179688
30.4486541748046875 29.334173202514648438 27.02779388427734375 25.834789276123046875 24.319025039672851562 23.379034042358398438 24.7591094970703125 24.0411376953125 22.875802993774414062 23.928009033203125 24.784463882446289062 24.853342056274414062 24.04229736328125 23.56253814697265625 24.125009536743164062 24.955821990966796875 25.8461151123046875 26.475107192993164062 25.8752288818359375 26.409069061279296875 25.97293853759765625 26.384004592895507812 26.937028884887695312 28.315948486328125 30.029392242431640625 31.886383056640625 33.5566864013671875 33.58628082275390625 36.019481658935546875 32.571048736572265625 28.943639755249023438 28.510251998901367188 26.12183380126953125 27.9994049072265625 27.266878128051757812 24.439434051513671875 24.487972259521484375 26.612339019775390625 23.567937850952148438 24.494913101196289062
34.426204681396484375 30.703357696533203125 26.3760986328125 24.99790191650390625 23.46488189697265625 24.542972564697265625 23.852041244506835938 24.684253692626953125 23.143949508666992188 24.237176895141601562 25.121637344360351562 25.367710113525390625 25.358745574951171875 24.780364990234375 24.028413772583007812 23.985754013061523438 25.573390960693359375 25.384050369262695312 25.561819076538085938 25.643041610717773438 25.95688629150390625 27.19182586669921875 27.528036117553710938 28.371334075927734375 29.395437240600585938 31.894191741943359375 32.650096893310546875 32.123779296875 32.770076751708984375 32.5070343017578125 31.09991455078125 29.236177444458007812 27.297773361206054688 24.930467605590820312 24.589822769165039062 25.2539520263671875 25.316375732421875 25.426950454711914062 25.51482391357421875 22.555835723876953125
33.652317047119140625 29.387866973876953125 26.5489044189453125 25.192060470581054688 27.06722259521484375 26.243785858154296875 25.224596023559570312 25.253999710083007812 24.0395965576171875 24.401546478271484375 25.644727706909179688 26.64063262939453125 25.337726593017578125 24.314203262329101562 23.471435546875 24.445024490356445312 25.834692001342773438 25.521329879760742188 25.298732757568359375 25.434228897094726562 26.290637969970703125 27.152639389038085938 27.838214874267578125 29.527029037475585938 30.948028564453125 33.046031951904296875 32.355342864990234375 31.25527191162109375 30.499559402465820312 30.950922012329101562 30.085453033447265625 29.58193206787109375 26.823175430297851562 25.078207015991210938 24.250577926635742188 22.892961502075195312 21.584562301635742188 22.208585739135742188 24.065624237060546875 22.311981201171875
31.35442352294921875 28.796380996704101562 26.860338211059570312 27.140295028686523438 27.842027664184570312 28.759939193725585938 27.474964141845703125 25.425022125244140625 24.922369003295898438 24.019109725952148438 25.705608367919921875 25.6402435302734375 24.898702621459960938 25.184444427490234375 23.915811538696289062 23.735439300537109375 24.015157699584960938 25.502386093139648438 25.892391204833984375 26.708211898803710938 27.24185943603515625 27.961181640625 27.841876983642578125 28.846752166748046875 31.001966476440429688 31.487651824951171875 31.220516204833984375 31.708612442016601562 30.254449844360351562 28.396638870239257812 27.78076171875 26.875812530517578125 25.756559371948242188 25.649599075317382812 28.76148223876953125 28.192312240600585938 26.969036102294921875 23.084228515625 21.032550811767578125 23.108667373657226562
34.277740478515625 30.406045913696289062 27.065294265747070312 29.420408248901367188 30.333984375 28.423488616943359375 27.009763717651367188 24.983827590942382812 24.1966400146484375 24.943819046020507812 25.260267257690429688 25.645498275756835938 25.373348236083984375 26.065004348754882812 25.312131881713867188 23.699192047119140625 23.764072418212890625 24.928394317626953125 25.840717315673828125 25.307455062866210938 25.867036819458007812 27.00885009765625 26.8130035400390625 28.978487014770507812 29.83051300048828125 30.464994430541992188 31.55094146728515625 31.138864517211914062 30.91115570068359375 29.968708038330078125 29.021728515625 26.2881317138671875 29.387483596801757812 28.900304794311523438 30.028575897216796875 28.60497283935546875 27.98224639892578125 26.089971542358398438 20.280210494995117188 17.931894302368164062
