Data_GAL/relieve_normalized.asc
ncols        310
nrows        310
xllcorner    -14131.897400000133
yllcorner    4637882.999189999886
cellsize     666.513583548387
[rows 108 to 125 of 310, columns 160 to 199 of 310]
34.644512176513671875 33.814472198486328125 34.8083038330078125 32.658390045166015625 29.818365097045898438 29.062795639038085938 28.907680511474609375 30.84535980224609375 32.047763824462890625 33.753688812255859375 36.091156005859375 35.001789093017578125 34.1185760498046875 31.573211669921875 31.457094192504882812 31.051809310913085938 28.562406539916992188 27.436643600463867188 26.078351974487304688 25.024799346923828125 24.509807586669921875 24.34765625 25.369157791137695312 26.435482025146484375 26.222333908081054688 25.230138778686523438 24.358791351318359375 25.951873779296875 25.8066864013671875 28.0567169189453125 28.086748123168945312 30.16474151611328125 29.704412460327148438 29.7479400634765625 30.1077728271484375 31.283327102661132812 27.279699325561523438 28.60872650146484375 26.843034744262695312 27.664691925048828125
33.026702880859375 32.44133758544921875 33.3696136474609375 33.495372772216796875 30.430004119873046875 24.523111343383789062 30.320629119873046875 29.986011505126953125 31.045061111450195312 32.157665252685546875 33.989154815673828125 35.4232177734375 36.526714324951171875 35.29996490478515625 34.103778839111328125 30.8628082275390625 28.530788421630859375 30.902189254760742188 26.905551910400390625 27.171581268310546875 25.825002670288085938 26.367181777954101562 25.703197479248046875 25.7102813720703125 24.591558456420898438 24.175189971923828125 25.363613128662109375 25.92598724365234375 27.641117095947265625 29.83783721923828125 30.66339874267578125 32.66634368896484375 32.4651947021484375 32.2165679931640625 33.96905517578125 30.947500228881835938 27.535169601440429688 25.587993621826171875 25.017810821533203125 26.349636077880859375
32.82675933837890625 31.66672515869140625 31.932126998901367188 30.144548416137695312 27.037195205688476562 24.122165679931640625 26.82187652587890625 28.587182998657226562 31.927404403686523438 32.6646575927734375 34.245349884033203125 36.45725250244140625 34.932086944580078125 35.206455230712890625 33.02289581298828125 29.585886001586914062 31.100061416625976562 33.7465057373046875 30.95998382568359375 29.147485733032226562 26.9494171142578125 26.215972900390625 25.424686431884765625 25.475778579711914062 26.272127151489257812 25.62245941162109375 25.092041015625 27.051607131958007812 27.108049392700195312 29.510736465454101562 30.965576171875 33.576114654541015625 30.09735870361328125 30.5244293212890625 30.55460357666015625 31.221431732177734375 28.605306625366210938 25.779066085815429688 23.992452621459960938 24.87445831298828125
34.726261138916015625 30.899827957153320312 28.470485687255859375 27.742008209228515625 23.226087570190429688 23.306005477905273438 30.647924423217773438 29.6714935302734375 31.045207977294921875 32.214542388916015625 33.52082061767578125 36.426403045654296875 35.44669342041015625 34.899261474609375 36.4271240234375 32.098667144775390625 33.32232666015625 33.844600677490234375 33.812496185302734375 28.785823822021484375 27.78032684326171875 26.400249481201171875 25.6627044677734375 26.564428329467773438 26.129543304443359375 25.510919570922851562 25.406030654907226562 26.3876190185546875 26.901599884033203125 31.685909271240234375 32.10541534423828125 33.706302642822265625 30.159971237182617188 29.438724517822265625 28.182041168212890625 29.05344390869140625 27.891529083251953125 25.244892120361328125 24.701747894287109375 23.547548294067382812
30.237674713134765625 24.784799575805664062 22.869825363159179688 22.074872970581054688 23.94786834716796875 28.72735595703125 31.816730499267578125 33.449146270751953125 32.131443023681640625 32.347293853759765625 33.9739227294921875 36.455326080322265625 34.628124237060546875 36.87396240234375 34.184230804443359375 32.20191192626953125 30.526792526245117188 30.514835357666015625 29.834753036499023438 29.053491592407226562 29.438432693481445312 28.540185928344726562 27.61692047119140625 27.121110916137695312 26.42685699462890625 26.669940948486328125 28.490055084228515625 28.200166702270507812 28.872493743896484375 30.74196624755859375 32.59664154052734375 34.834865570068359375 28.953229904174804688 27.634805679321289062 27.373403549194335938 26.505136489868164062 26.341009140014648438 25.185314178466796875 23.457073211669921875 23.16930389404296875
25.405450820922851562 23.08042144775390625 21.800506591796875 23.532846450805664062 27.5306396484375 31.419786453247070312 33.220813751220703125 34.4614410400390625 33.8380889892578125 33.122432708740234375 33.32073211669921875 35.07163238525390625 33.525257110595703125 36.073177337646484375 34.0645904541015625 33.900852203369140625 33.093364715576171875 29.60073089599609375 28.88333892822265625 28.230630874633789062 28.391096115112304688 28.370222091674804688 28.789487838745117188 28.574695587158203125 28.906908035278320312 28.156352996826171875 28.752275466918945312 28.105207443237304688 30.51396942138671875 31.746112823486328125 33.233921051025390625 32.20244598388671875 29.717958450317382812 27.765432357788085938 26.668109893798828125 26.500944137573242188 24.706134796142578125 24.245225906372070312 23.14380645751953125 24.163572311401367188
23.336086273193359375 22.39522552490234375 21.907999038696289062 27.574741363525390625 28.178766250610351562 27.635913848876953125 31.238931655883789062 31.687549591064453125 32.156269073486328125 32.22601318359375 34.364654541015625 35.610050201416015625 32.7031707763671875 35.2294464111328125 34.558807373046875 34.111301422119140625 32.312923431396484375 31.626573562622070312 30.301975250244140625 30.133655548095703125 28.325107574462890625 28.365839004516601562 27.609548568725585938 27.753862380981445312 27.263790130615234375 27.973615646362304688 27.333057403564453125 26.91591644287109375 31.15250396728515625 33.5376434326171875 30.80930328369140625 30.296627044677734375 29.41211700439453125 28.176837921142578125 26.6668548583984375 25.875133514404296875 25.207630157470703125 24.239105224609375 24.61175537109375 25.546731948852539062
22.148284912109375 21.27669525146484375 25.631471633911132812 25.927722930908203125 24.036172866821289062 29.479936599731445312 28.294595718383789062 28.044473648071289062 28.194576263427734375 29.95940399169921875 33.101657867431640625 36.538135528564453125 31.928030014038085938 32.37679290771484375 31.32472991943359375 31.32892608642578125 33.55625152587890625 31.673955917358398438 31.505779266357421875 28.60048675537109375 27.3668975830078125 27.44532012939453125 27.002101898193359375 27.3041839599609375 26.536565780639648438 27.362268447875976562 26.244846343994140625 26.331897735595703125 30.173809051513671875 31.805789947509765625 29.812770843505859375 28.308284759521484375 28.536376953125 27.974773406982421875 28.077396392822265625 26.927099227905273438 26.870220184326171875 26.656011581420898438 26.89836883544921875 27.09296417236328125
22.9529266357421875 20.9852142333984375 24.417163848876953125 23.0608978271484375 23.46825408935546875 26.186666488647460938 26.78191375732421875 29.059276580810546875 31.183933258056640625 32.286800384521484375 34.792690277099609375 31.272527694702148438 34.81568145751953125 29.856395721435546875 28.381502151489257812 29.4029083251953125 30.906673431396484375 31.248331069946289062 29.974826812744140625 28.876733779907226562 28.0102996826171875 26.195775985717773438 27.102024078369140625 27.679103851318359375 26.793483734130859375 25.965223312377929688 25.648052215576171875 25.05718994140625 28.220510482788085938 29.335811614990234375 29.62738800048828125 28.240467071533203125 29.119092941284179688 30.710103988647460938 30.763948440551757812 30.218008041381835938 29.955837249755859375 29.326269149780273438 30.806171417236328125 31.514453887939453125
22.258523941040039062 23.660919189453125 20.811445236206054688 21.659852981567382812 22.430559158325195312 22.987051010131835938 24.603658676147460938 26.91924285888671875 28.351232528686523438 32.255756378173828125 36.937778472900390625 29.038789749145507812 30.218923568725585938 28.5221099853515625 27.7310638427734375 26.665554046630859375 30.171009063720703125 29.433277130126953125 30.190631866455078125 28.952989578247070312 27.49169158935546875 25.896007537841796875 26.454090118408203125 27.178907394409179688 26.572572708129882812 25.125059127807617188 25.384771347045898438 24.33203887939453125 26.49265289306640625 26.725229263305664062 27.958818435668945312 26.899623870849609375 28.589979171752929688 30.653226852416992188 32.7213897705078125 32.9712677001953125 34.457294464111328125 35.04160308837890625 35.048786163330078125 32.161952972412109375
21.255918502807617188 21.21002960205078125 21.381052017211914062 23.09637451171875 23.979681015014648438 23.82297515869140625 28.1455078125 29.599431991577148438 31.451114654541015625 37.328075408935546875 32.89737701416015625 26.463682174682617188 26.034393310546875 27.64569854736328125 25.474813461303710938 26.202959060668945312 26.064809799194335938 27.257188796997070312 27.500850677490234375 28.147966384887695312 26.403141021728515625 25.688833236694335938 24.849534988403320312 25.88713836669921875 25.830354690551757812 25.306972503662109375 25.764993667602539062 24.377782821655273438 24.252506256103515625 26.473278045654296875 25.488069534301757812 27.414422988891601562 29.46398162841796875 29.233381271362304688 29.944314956665039062 29.8480072021484375 31.069257736206054688 31.561405181884765625 30.999799728393554688 30.489963531494140625
20.154787063598632812 20.449737548828125 21.9972686767578125 26.07257080078125 28.88338470458984375 25.943389892578125 28.828821182250976562 29.122997283935546875 35.343780517578125 36.400516510009765625 29.35239410400390625 26.100576400756835938 24.297765731811523438 26.056039810180664062 25.30591583251953125 24.58823394775390625 28.2392120361328125 27.674860000610351562 27.6261749267578125 27.638370513916015625 28.329446792602539062 28.330219268798828125 26.603275299072265625 25.640001296997070312 25.4813232421875 23.669403076171875 23.98941802978515625 22.879222869873046875 25.250383377075195312 24.324037551879882812 26.703777313232421875 29.099575042724609375 30.598321914672851562 27.391094207763671875 27.73877716064453125 28.52828216552734375 29.158618927001953125 29.7982635498046875 28.578556060791015625 28.725137710571289062
19.843158721923828125 20.414646148681640625 22.635946273803710938 26.368001937866210938 29.214679718017578125 31.012960433959960938 33.70780181884765625 31.768768310546875 33.959270477294921875 31.058559417724609375 25.325098037719726562 25.213319778442382812 23.379129409790039062 23.1366729736328125 23.7458038330078125 26.662900924682617188 27.546834945678710938 30.332391738891601562 29.553205490112304688 28.117307662963867188 29.643291473388671875 27.840677261352539062 26.770442962646484375 24.791790008544921875 23.926898956298828125 24.16135406494140625 23.713315963745117188 22.739004135131835938 23.876768112182617188 26.20917510986328125 29.453617095947265625 30.471599578857421875 29.515317916870117188 27.582117080688476562 26.524465560913085938 27.832334518432617188 26.926183700561523438 27.559705734252929688 27.7183380126953125 27.6270904541015625
20.137048721313476562 20.655511856079101562 21.988157272338867188 22.987293243408203125 26.679050445556640625 31.2727203369140625 33.621612548828125 32.6970977783203125 28.710725784301757812 27.160831451416015625 25.246530532836914062 24.225271224975585938 21.76517486572265625 21.887414932250976562 24.619806289672851562 24.491973876953125 25.190662384033203125 27.621114730834960938 30.303760528564453125 28.9539031982421875 27.834409713745117188 27.84886932373046875 27.510728836059570312 25.7226715087890625 24.530727386474609375 26.425844192504882812 25.924638748168945312 23.14380645751953125 24.371225357055664062 25.400438308715820312 28.116777420043945312 31.203838348388671875 29.542886734008789062 26.735301971435546875 25.299119949340820312 26.39624786376953125 25.76349639892578125 27.01627349853515625 26.717180252075195312 28.4860076904296875
20.741842269897460938 22.403757095336914062 23.012117385864257812 23.940155029296875 25.021329879760742188 28.207735061645507812 32.04868316650390625 30.615964889526367188 26.468408584594726562 25.661745071411132812 25.2491302490234375 22.663953781127929688 21.45803070068359375 21.629438400268554688 22.781421661376953125 22.750812530517578125 23.9738006591796875 28.057924270629882812 28.832630157470703125 29.520618438720703125 28.97126007080078125 29.70123291015625 27.578554153442382812 26.287069320678710938 25.64371490478515625 27.339181900024414062 27.212890625 23.333675384521484375 23.162557601928710938 25.008941650390625 26.865449905395507812 30.136404037475585938 30.33055877685546875 28.441274642944335938 26.257524490356445312 25.870748519897460938 25.1369171142578125 26.617401123046875 27.196498870849609375 28.659826278686523438
21.868375778198242188 22.58697509765625 23.005706787109375 23.991199493408203125 24.365827560424804688 27.266492843627929688 31.53937530517578125 31.194391250610351562 25.796276092529296875 21.846635818481445312 24.0374755859375 21.417009353637695312 21.00565338134765625 22.331356048583984375 23.564130783081054688 24.327219009399414062 24.895956039428710938 26.387088775634765625 29.488178253173828125 30.491268157958984375 29.52100372314453125 30.244953155517578125 29.268909454345703125 26.834743499755859375 25.104478836059570312 26.212743759155273438 25.571170806884765625 23.881059646606445312 22.031202316284179688 24.962812423706054688 26.349782943725585938 27.328142166137695312 29.695547103881835938 27.452695846557617188 25.628917694091796875 24.390893936157226562 25.4649810791015625 25.993228912353515625 26.781141281127929688 27.905603408813476562
21.373531341552734375 21.808942794799804688 22.71904754638671875 22.431570053100585938 24.479297637939453125 27.633649826049804688 30.443065643310546875 30.965000152587890625 24.109104156494140625 21.302385330200195312 21.743967056274414062 20.768884658813476562 22.234182357788085938 22.801954269409179688 24.583124160766601562 27.52895355224609375 28.154134750366210938 28.214000701904296875 29.264810562133789062 29.976177215576171875 29.496854782104492188 28.138660430908203125 29.467498779296875 26.84149169921875 25.485034942626953125 24.30625152587890625 23.58331298828125 23.770145416259765625 22.925258636474609375 24.420202255249023438 23.787981033325195312 23.54007720947265625 26.102840423583984375 24.847558975219726562 24.472789764404296875 24.846401214599609375 24.25019073486328125 25.517473220825195312 26.222625732421875 26.675966262817382812
21.954753875732421875 22.295351028442382812 21.632137298583984375 22.917448043823242188 24.904872894287109375 25.063457489013671875 26.335414886474609375 25.122213363647460938 24.06856536865234375 20.651704788208007812 20.957933425903320312 23.386600494384765625 24.644823074340820312 26.239881515502929688 24.943721771240234375 26.214139938354492188 28.169414520263671875 28.855142593383789062 29.656595230102539062 30.630716323852539062 28.309297561645507812 28.231351852416992188 27.706045150756835938 26.00267791748046875 24.864719390869140625 25.81169891357421875 26.066595077514648438 26.277912139892578125 24.504362106323242188 23.673980712890625 21.483530044555664062 21.659612655639648438 23.8831329345703125 24.959774017333984375 22.09839630126953125 25.752267837524414062 23.033376693725585938 25.649066925048828125 25.773767471313476562 26.183870315551757812
