Data_GAL/uso_suelo_cellsize.asc
ncols        311
nrows        334
xllcorner    -14464.897400000133
yllcorner    4637275.749599999748
cellsize     666.000000000000
[rows 114 to 170 of 334, columns 0 to 95 of 311]
0 0 0 0 19 19 19 12 71 71 12 12 19 71 12 19 12 71 19 19 71 71 12 12 19 19 12 12 71 12 12 12 75 75 75 171 171 71 71 12 19 12 12 19 71 71 19 71 812 19 71 432 19 71 12 71 71 71 71 71 71 71 19 19 19 12 12 12 12 21 12 12 71 21 71 19 19 19 11 19 12 19 12 432 11 12 21 12 71 71 31 11 811 19 19 71
0 0 0 0 21 19 19 19 19 12 12 12 71 19 19 19 71 71 19 19 19 71 12 12 75 75 75 102 71 19 12 12 19 19 21 171 71 71 71 171 12 12 12 12 171 71 71 12 71 171 19 71 71 71 71 71 71 71 12 71 71 71 71 19 71 11 73 82 11 71 71 12 71 71 21 71 19 19 19 19 71 19 11 11 12 12 12 19 71 71 432 432 19 19 71 19
0 0 0 0 71 71 12 19 71 71 12 12 71 19 19 19 12 71 19 19 71 11 12 12 19 812 75 71 12 19 75 19 12 12 12 12 71 812 71 71 12 12 12 71 71 71 12 12 71 171 71 71 71 812 71 812 83 71 71 71 71 12 19 19 71 811 71 21 71 19 71 71 71 12 71 12 21 21 19 71 812 19 71 11 21 12 19 71 71 71 19 71 71 19 71 71
0 0 0 0 21 71 11 12 12 12 19 12 19 19 19 19 71 19 19 19 19 12 12 11 19 75 75 18 21 12 12 21 12 12 12 71 71 71 12 12 12 12 12 19 71 71 71 71 71 71 12 21 171 71 71 71 71 71 71 19 71 71 12 71 811 71 71 19 71 71 71 71 19 19 19 19 21 71 71 19 12 71 11 19 19 19 71 19 19 71 19 19 19 71 71 71
0 0 0 0 0 0 21 12 12 19 71 19 19 19 19 71 19 19 71 11 71 12 12 19 19 19 21 18 12 12 12 12 21 19 71 812 71 171 6122 71 6122 12 12 19 71 71 12 71 14 432 71 71 71 71 171 71 71 71 19 71 71 811 811 19 71 71 71 19 71 71 19 71 71 71 19 71 71 71 71 811 19 11 11 19 19 19 21 19 19 71 71 71 71 71 71 71
0 0 0 0 0 0 0 82 71 19 19 71 71 19 19 71 71 19 71 19 12 11 71 71 71 71 21 19 12 12 21 12 12 19 71 71 171 71 6122 6122 12 12 19 71 71 71 71 812 19 71 12 12 71 71 71 71 71 71 71 71 12 71 73 19 71 12 71 71 21 19 19 19 19 19 19 19 71 71 12 71 19 71 71 19 19 19 21 71 71 811 19 71 71 71 71 19
0 0 0 0 0 0 21 19 71 19 19 71 71 19 19 71 12 12 12 71 12 11 12 171 85 71 12 19 21 21 21 12 12 19 71 71 71 71 6122 6122 12 71 71 21 19 19 71 71 71 71 71 12 12 71 71 71 11 71 71 71 12 71 19 12 811 21 71 21 19 19 19 19 71 71 19 71 12 12 19 71 811 71 12 71 15 12 71 19 71 19 19 19 19 71 71 11
0 0 0 0 0 0 21 19 19 19 71 19 19 19 71 15 19 19 12 19 12 12 12 171 71 12 19 21 21 19 12 12 12 19 71 71 171 6122 6122 6122 6122 12 71 71 12 171 71 71 11 71 71 71 71 71 71 21 71 71 71 71 71 71 11 71 71 19 12 11 21 21 19 432 12 12 12 12 71 12 19 19 811 12 12 71 19 19 71 19 71 11 19 19 12 71 19 71
0 0 0 0 0 0 12 12 19 19 19 19 11 19 19 71 19 11 19 19 19 71 171 171 12 12 21 21 21 21 12 21 12 71 71 11 11 6122 6122 6122 6122 6122 71 6122 6122 71 71 71 12 71 25 71 71 71 812 71 71 12 811 71 71 71 71 71 811 71 811 71 71 71 71 71 12 12 71 71 71 19 19 19 12 11 12 12 71 19 19 19 71 19 71 71 19 19 12 12
0 0 0 0 0 0 12 19 71 12 12 19 12 19 71 71 11 21 19 31 12 19 19 19 19 12 21 21 71 21 12 21 12 71 71 71 71 6122 6122 6122 6122 6122 71 6122 21 171 6122 71 71 71 73 71 71 71 71 12 71 14 71 12 14 71 71 71 71 71 71 12 71 71 12 12 21 19 19 71 71 12 71 11 12 71 71 71 71 71 12 71 19 71 71 11 71 12 71 71
0 0 0 0 0 0 12 19 71 12 19 19 12 19 71 19 11 19 19 12 19 21 71 71 12 18 18 21 11 12 11 21 19 71 71 71 11 6122 6122 6122 71 6122 12 6122 21 71 71 71 71 71 71 71 71 71 71 21 71 71 12 71 19 71 71 71 21 12 71 71 71 12 21 12 102 102 71 71 12 12 12 11 11 71 19 19 19 19 71 71 71 71 11 19 101 12 71 71
0 0 0 0 0 41 75 19 12 12 19 12 12 71 71 19 18 18 11 19 19 11 71 11 18 12 71 12 21 71 11 12 171 71 71 71 73 6122 6122 71 15 71 71 71 71 71 71 71 71 71 71 71 71 71 71 71 71 71 71 12 71 71 71 71 12 12 71 71 12 12 12 21 19 19 19 19 71 19 19 12 12 71 71 19 71 19 19 71 71 71 19 19 101 12 12 12
0 0 0 0 21 11 75 19 12 12 71 12 71 71 71 12 21 12 21 71 12 21 71 71 71 12 12 12 12 21 12 12 171 71 71 73 73 12 71 71 71 71 12 15 71 71 71 71 71 71 71 12 71 71 12 21 71 71 71 71 71 71 19 18 18 12 12 71 71 12 12 12 12 71 71 12 12 11 11 12 71 11 71 71 71 19 19 19 21 71 71 71 71 71 71 71
0 0 0 21 71 12 11 19 12 11 12 12 19 19 811 21 21 12 21 12 12 21 12 12 21 12 71 21 432 21 11 12 71 71 71 12 73 21 11 71 71 12 71 71 71 71 71 71 171 21 71 71 71 71 71 71 71 71 71 12 12 12 71 71 18 21 11 12 71 12 12 71 71 71 71 12 19 12 12 12 19 19 71 19 71 71 21 21 21 19 19 12 19 71 12 19
0 0 0 71 19 11 11 11 71 12 12 19 19 19 811 12 12 75 19 12 21 21 21 12 21 12 71 21 21 73 21 11 11 71 71 71 73 12 71 71 71 71 71 71 71 71 71 71 71 71 71 71 71 171 71 811 12 71 12 811 71 19 19 12 12 71 12 12 12 12 12 12 71 71 71 19 71 19 12 71 19 19 19 19 71 19 21 19 12 12 21 12 71 11 71 71
0 0 19 11 11 11 11 11 19 12 19 12 19 74 0 811 75 75 19 21 21 21 12 12 432 21 21 12 11 12 71 11 11 71 71 171 71 71 12 71 71 21 71 811 71 71 15 15 71 71 71 12 12 101 171 71 12 12 71 71 19 12 12 25 71 12 12 12 12 71 12 12 12 12 71 19 19 71 12 71 19 19 19 19 19 19 19 19 12 21 19 12 71 12 11 11
0 0 19 71 71 19 11 11 71 0 0 19 19 19 0 0 12 12 19 21 12 71 12 12 71 21 21 11 73 11 11 11 11 71 71 171 71 71 71 73 171 21 71 71 71 71 71 171 71 71 71 71 71 71 71 71 71 11 12 71 12 71 12 12 12 12 71 71 12 12 12 12 71 71 19 19 19 71 12 71 21 12 71 11 21 12 14 12 12 21 21 12 71 19 71 71
0 441 19 71 71 71 11 11 11 0 0 19 19 75 0 0 71 21 21 21 21 12 12 21 11 11 21 611 11 73 11 11 11 11 71 171 71 12 71 71 71 15 12 71 71 71 71 71 71 71 71 71 18 21 12 71 12 12 12 71 14 71 12 12 12 71 71 12 12 12 12 71 12 71 71 19 19 12 12 71 71 12 12 12 12 11 21 12 12 12 14 12 71 19 71 71
0 21 21 19 71 12 0 0 0 0 0 0 19 19 0 0 0 21 21 21 21 21 21 12 11 611 71 73 73 73 21 21 11 11 71 71 71 171 15 71 71 12 21 71 21 71 71 71 71 71 71 71 71 71 21 71 12 71 12 71 11 71 71 12 71 12 12 71 11 71 71 71 12 71 71 12 19 71 12 171 71 71 11 12 71 12 82 21 19 12 12 71 71 11 71 19
0 0 0 12 75 0 0 0 0 0 0 0 19 19 0 0 0 12 12 442 12 19 21 12 11 71 21 21 11 11 21 21 11 71 71 71 171 171 812 71 21 12 15 71 21 21 21 171 71 71 71 71 71 12 71 12 71 71 25 12 11 12 11 71 12 12 12 19 12 71 19 71 12 19 71 12 12 12 71 611 19 19 12 71 12 12 21 12 19 19 103 12 71 71 71 19
0 0 0 25 75 0 0 0 0 0 0 0 0 0 19 0 0 442 12 12 12 12 21 12 611 73 171 11 12 21 21 21 11 12 21 11 71 71 171 71 19 19 71 71 71 71 21 71 71 71 71 12 71 12 12 12 71 18 71 12 71 12 71 71 12 12 12 12 11 11 18 19 71 71 19 71 12 12 12 12 19 19 21 12 71 12 12 19 71 19 18 103 12 12 11 71
0 0 0 25 811 0 0 0 0 0 0 0 0 0 0 0 0 441 12 12 12 12 26 11 611 171 171 21 21 21 21 21 21 21 21 71 11 71 171 19 19 82 71 71 71 21 21 21 71 71 18 12 12 19 12 12 71 21 71 71 12 12 71 12 71 71 12 12 11 11 11 21 18 71 71 12 11 611 12 71 71 19 19 12 12 21 71 71 12 82 18 12 21 71 11 12
0 0 0 11 21 0 0 0 0 0 0 0 0 0 0 0 0 0 0 0 0 812 11 11 11 611 171 432 12 11 21 21 21 73 12 11 71 171 171 73 19 19 12 71 21 21 21 71 71 71 71 12 71 19 21 21 12 862 21 21 21 12 12 12 71 12 21 75 75 11 71 12 12 11 11 11 11 11 12 71 19 19 21 19 12 71 12 71 71 21 71 12 12 12 12 12
0 0 21 12 21 0 0 0 0 0 0 0 0 0 0 0 0 0 0 0 0 11 11 11 11 11 73 11 73 73 11 21 21 21 21 11 71 71 73 73 73 12 12 73 71 21 21 21 71 71 12 71 71 19 21 71 21 21 71 21 21 21 25 12 12 12 75 71 75 21 71 12 18 71 12 11 71 11 12 71 19 19 21 71 71 12 19 71 71 21 19 71 71 12 12 12
0 0 0 21 0 0 0 0 0 0 0 0 0 0 0 0 0 0 0 25 812 11 26 11 26 11 73 171 73 21 11 21 21 18 18 11 21 71 21 73 73 73 12 73 11 12 73 12 71 21 12 71 19 19 21 12 21 71 71 12 21 71 12 71 71 71 71 11 11 811 12 12 18 12 12 11 12 12 71 71 19 12 19 71 12 11 21 21 19 19 19 71 12 71 812 11
0 0 0 21 0 0 0 0 0 0 0 0 0 0 0 0 0 0 0 0 11 11 11 26 26 171 12 73 21 21 73 21 171 18 21 11 21 73 73 73 73 73 73 73 73 11 12 12 12 19 19 12 21 12 12 71 21 12 12 12 21 12 12 71 71 12 71 11 71 811 811 12 12 71 71 12 12 12 71 12 12 21 12 12 11 11 21 71 71 71 19 71 12 12 71 11
0 0 0 0 0 0 0 0 0 0 0 0 0 0 0 0 0 0 0 11 11 26 26 26 26 21 21 73 11 171 21 171 12 21 73 73 11 21 18 11 73 73 12 73 11 11 21 21 12 19 19 12 21 12 73 12 71 21 21 21 71 12 71 12 12 71 71 12 71 6122 21 611 12 12 71 71 12 12 71 12 12 21 12 12 12 71 12 21 19 19 19 71 12 12 71 83
0 0 0 0 0 0 0 0 0 0 0 0 0 0 0 0 0 0 0 11 26 26 26 26 26 11 21 12 73 171 12 171 12 21 11 73 11 11 73 73 73 73 73 11 11 12 12 21 12 73 73 21 12 73 12 12 21 12 12 21 71 12 12 71 12 12 6122 19 6122 19 19 71 19 71 71 12 71 12 12 71 12 12 21 12 12 21 21 12 21 21 19 12 12 12 811 83
0 0 0 0 0 0 0 0 0 0 0 0 0 0 0 0 0 0 25 12 26 26 26 11 21 21 12 12 11 11 12 12 12 73 11 11 11 25 73 73 73 73 12 11 11 11 11 21 21 19 12 12 12 12 73 12 21 12 12 11 11 12 12 12 12 12 19 71 11 71 6122 611 19 19 12 12 71 12 12 12 71 12 102 432 12 12 71 71 12 12 12 12 811 71 71 71
0 0 0 0 0 0 0 0 0 0 0 0 0 0 0 0 0 0 0 25 26 26 26 26 73 12 12 21 11 15 171 12 21 12 21 73 73 25 25 171 171 73 12 12 11 11 11 11 11 73 73 12 12 12 11 12 21 12 12 11 11 12 12 71 11 6122 19 71 12 71 19 11 71 11 12 71 12 12 12 71 71 12 102 102 71 21 71 12 12 11 12 71 811 71 811 12
0 0 0 0 0 0 0 0 0 0 0 0 0 0 0 0 0 0 0 25 26 26 82 171 171 12 21 12 862 18 73 12 12 12 11 12 15 11 11 11 73 11 11 11 11 11 11 11 11 73 12 21 73 21 12 12 11 12 12 11 21 12 12 71 12 11 19 19 12 71 19 19 19 11 12 71 12 12 12 71 71 71 12 102 12 12 12 12 812 11 12 811 811 811 811 12
0 0 0 0 0 0 0 0 0 0 0 0 0 0 0 0 0 0 0 25 26 11 73 521 171 12 12 12 21 12 11 12 12 12 73 11 73 73 73 171 171 25 73 11 12 73 12 73 73 12 12 21 11 21 21 11 11 432 432 12 21 12 12 12 12 11 71 71 19 19 71 19 19 12 12 12 12 12 12 12 71 12 812 71 71 12 12 12 71 12 71 71 811 811 811 811
0 0 0 0 0 0 0 0 0 0 0 0 0 0 0 0 0 0 0 441 26 41 41 41 73 73 12 12 12 21 21 12 12 21 11 11 21 73 73 25 25 25 73 11 12 12 12 15 73 12 12 12 11 11 11 21 11 432 71 611 11 6122 6122 12 6122 19 19 71 19 19 19 19 12 12 71 12 71 71 71 21 12 12 12 12 12 812 71 11 12 71 811 811 811 811 811 71
0 0 0 0 0 0 0 0 0 0 0 0 0 0 0 0 0 0 0 0 0 0 0 11 12 73 12 21 21 12 12 12 12 12 11 21 21 73 73 25 73 12 11 11 12 12 12 73 73 11 12 12 73 11 21 21 432 11 11 21 12 12 12 11 71 71 19 71 71 71 19 12 12 12 71 71 71 12 11 12 12 102 12 12 12 11 71 812 12 811 811 811 811 811 82 11
0 0 0 0 0 0 0 0 0 0 0 0 0 0 0 0 0 0 0 0 0 0 0 41 73 11 21 21 101 12 21 12 18 11 12 12 21 21 25 25 25 12 11 25 11 12 12 73 11 11 11 11 11 12 11 21 11 12 12 12 21 21 71 71 12 12 71 71 19 71 19 12 12 71 12 71 71 12 811 811 811 11 12 71 12 75 12 75 811 71 811 811 811 21 71 18
0 0 0 0 0 0 0 0 0 0 0 0 0 0 0 0 0 0 0 0 0 0 0 41 14 811 12 21 12 21 12 12 12 11 12 171 21 21 11 862 21 12 73 11 11 73 12 812 11 11 11 73 11 171 11 11 11 11 12 71 21 12 12 71 12 12 12 12 71 71 71 12 811 71 11 811 811 12 71 71 811 71 11 71 71 12 12 12 811 811 12 71 74 811 811 18
0 0 0 0 0 0 0 0 0 0 0 0 0 0 0 0 0 0 0 0 0 0 0 521 73 11 11 11 12 12 21 12 71 11 21 21 21 71 73 12 21 11 11 11 73 11 12 622 812 11 11 73 812 73 611 19 11 11 11 21 12 21 12 12 12 12 12 12 19 71 12 12 71 11 11 71 71 12 71 71 71 71 71 11 12 21 71 811 71 12 12 12 71 12 75 12
0 0 0 0 0 0 0 0 0 0 0 0 0 0 0 0 0 0 0 0 0 0 0 14 11 21 12 82 12 12 12 12 12 11 21 11 11 74 21 71 12 21 11 11 11 11 75 622 11 11 11 611 12 12 12 11 11 11 432 21 21 21 12 12 12 21 12 71 19 71 71 12 12 11 11 11 71 71 12 12 12 71 71 12 12 75 71 811 811 12 12 12 812 861 811 75
0 0 0 0 0 0 0 0 0 0 0 0 0 0 0 0 0 0 0 0 0 0 73 73 21 11 12 12 12 11 21 12 71 12 12 21 21 74 11 12 12 21 11 11 75 75 75 11 0 11 11 71 11 12 12 11 11 11 432 432 12 11 71 18 18 18 12 12 12 71 12 12 102 71 11 71 12 71 11 75 12 75 12 11 75 21 75 811 12 12 12 12 12 812 71 75
0 0 0 0 0 0 0 0 0 0 0 0 0 0 0 0 0 0 0 0 441 812 21 11 21 21 21 12 12 11 12 12 12 12 12 21 11 11 11 12 11 21 11 11 71 75 11 0 0 0 11 11 11 11 12 12 11 18 102 71 12 12 12 21 12 12 12 12 12 71 12 12 102 12 11 12 71 71 71 12 75 75 11 75 75 12 75 12 861 12 12 12 12 12 71 71
0 0 0 0 0 0 0 0 0 0 0 0 0 0 0 0 0 441 73 812 812 21 11 11 11 12 12 12 12 12 12 12 75 75 12 21 21 11 12 12 11 11 11 811 71 11 11 0 0 11 11 71 11 71 11 12 102 71 71 432 432 71 18 12 12 12 12 12 12 12 12 12 11 11 12 12 71 71 71 75 102 12 12 75 75 11 75 75 75 75 12 12 12 75 71 71
0 0 0 0 0 0 0 0 0 0 0 0 0 0 0 0 0 0 73 73 21 21 21 21 21 12 12 12 71 12 12 12 75 0 11 11 11 11 12 12 21 12 812 11 71 812 71 0 71 11 11 11 11 11 12 21 12 12 71 71 18 71 18 71 71 71 71 12 12 12 12 12 11 12 12 12 71 71 71 11 71 102 21 75 75 12 75 75 12 75 75 75 75 12 12 75
0 0 0 0 0 0 0 0 0 0 0 0 0 0 0 0 0 0 0 73 21 21 21 12 21 21 12 71 12 21 21 12 0 0 11 11 11 812 75 12 12 12 0 0 0 11 0 0 811 71 11 12 12 71 12 12 12 12 432 432 432 71 19 12 71 12 71 12 73 71 12 12 11 11 12 12 71 71 11 11 11 21 71 82 21 12 75 18 12 75 15 75 75 75 71 19
0 0 0 0 0 0 0 0 0 0 0 0 0 0 0 0 0 0 0 0 21 21 12 12 12 12 25 812 0 0 0 0 0 441 73 11 75 75 0 12 21 812 0 0 0 0 0 0 811 811 11 11 11 12 12 71 71 12 11 102 12 18 19 71 71 71 18 18 12 12 12 12 11 102 71 12 12 71 14 812 71 12 71 102 12 12 861 12 12 75 75 12 12 18 12 812
0 0 0 0 0 0 0 0 0 0 0 0 0 0 0 0 0 0 0 0 73 11 12 12 12 73 12 73 0 0 0 0 0 0 0 75 75 11 0 0 21 12 0 0 0 73 73 0 0 811 71 811 11 12 11 12 12 71 12 102 12 71 19 71 12 21 71 12 12 71 71 12 11 12 12 12 12 12 811 71 71 21 12 12 18 75 75 12 12 18 75 75 18 18 12 75
0 0 0 0 0 0 0 0 0 0 0 0 0 0 0 0 0 0 0 0 73 73 21 12 21 21 21 12 812 0 0 0 0 0 0 0 0 0 0 0 0 0 0 0 75 11 11 812 73 611 71 14 812 11 11 71 12 12 12 71 12 71 12 12 12 71 71 12 12 15 12 71 12 12 11 12 12 12 12 12 12 12 12 12 18 75 75 71 12 12 12 12 12 75 75 75
0 0 0 0 0 0 0 0 0 0 0 0 0 0 0 0 0 0 0 0 0 811 21 21 21 102 102 73 12 0 0 0 0 0 0 0 0 0 0 0 0 0 0 11 11 12 11 71 812 811 11 11 812 11 11 432 432 12 71 12 12 71 19 18 12 71 71 12 12 12 12 12 12 12 18 75 75 12 71 12 12 12 12 18 18 12 11 12 12 71 12 75 75 12 75 11
0 0 0 0 0 0 0 0 0 0 0 0 0 0 0 0 0 0 0 0 0 12 12 21 73 102 811 12 0 0 0 0 0 0 0 0 0 0 0 0 0 0 0 75 11 11 11 812 11 11 11 812 11 11 11 102 432 102 12 432 12 21 19 19 12 12 12 12 12 12 12 71 12 432 11 12 75 21 12 12 102 102 75 11 432 12 12 12 71 102 18 18 12 75 75 71
0 0 0 0 0 0 0 0 0 0 0 0 0 0 0 0 0 0 0 0 0 0 0 621 21 41 0 0 0 0 0 0 0 0 0 0 0 0 0 0 0 0 811 12 11 11 11 11 11 75 11 11 71 11 21 12 12 12 71 12 12 102 18 71 71 12 12 12 12 12 71 71 12 12 71 75 75 75 21 12 12 102 75 21 102 432 11 11 71 71 71 18 75 75 75 19
0 0 0 0 0 0 0 0 0 0 0 0 0 0 0 0 0 0 0 0 0 0 0 0 21 0 0 0 0 0 0 0 0 0 0 0 0 0 0 0 0 75 71 12 11 11 11 11 11 75 11 11 11 71 12 12 18 21 71 102 11 18 18 71 71 71 11 12 71 71 12 15 12 12 71 12 14 14 21 75 12 11 102 102 432 432 11 102 12 71 71 12 12 11 19 19
0 0 0 0 0 0 0 0 0 0 0 0 0 0 0 0 0 0 0 0 0 0 0 0 12 12 0 0 0 0 0 0 0 0 0 0 0 0 0 0 0 75 11 11 12 11 11 11 12 11 71 71 11 71 12 12 18 12 432 432 12 71 18 18 12 18 11 12 21 71 12 71 71 71 71 71 21 75 21 12 12 11 75 102 102 12 11 102 102 71 12 12 75 19 19 11
0 0 0 0 0 0 0 0 0 0 0 0 0 0 0 0 0 0 0 0 0 0 0 0 0 0 0 0 0 0 0 0 0 0 0 0 11 11 0 41 75 75 11 12 21 12 811 12 12 11 71 71 11 811 12 71 18 432 432 12 71 21 12 12 18 12 12 21 12 11 11 11 12 11 12 12 75 75 12 102 12 11 102 102 75 12 12 21 12 71 12 75 11 75 12 812
0 0 0 0 0 0 0 0 0 0 0 0 0 0 0 0 0 0 0 0 0 0 0 0 0 0 0 0 0 0 0 0 0 0 0 0 11 75 75 11 11 11 12 12 21 12 11 11 11 71 71 11 11 12 71 12 102 71 12 12 12 12 432 12 12 102 12 102 71 12 12 71 12 12 12 75 75 75 861 102 432 432 12 75 12 12 75 21 12 12 71 12 12 75 12 12
0 0 0 0 0 0 0 0 0 0 0 0 0 0 0 0 0 0 0 0 0 0 0 0 0 0 0 0 0 0 0 0 0 0 811 41 75 75 75 11 11 11 21 12 12 21 11 21 71 11 12 21 12 12 12 12 102 12 432 74 12 862 432 12 862 12 71 12 71 12 12 12 11 11 12 12 75 75 75 432 432 432 75 75 75 12 75 11 12 12 71 11 14 14 12 71
0 0 0 0 0 0 0 0 0 0 0 0 0 0 0 0 0 0 0 0 0 0 0 0 0 0 0 0 0 0 0 0 0 0 811 12 75 12 75 75 12 11 21 21 21 12 21 21 21 11 12 12 12 21 102 102 71 12 12 12 102 102 71 21 11 11 102 12 11 12 11 11 11 11 12 12 611 75 12 432 432 102 102 71 14 75 171 11 12 14 11 71 71 71 12 71
0 0 0 0 0 0 0 0 0 0 0 0 0 0 0 0 0 0 0 0 0 0 0 0 0 0 0 0 0 0 0 0 0 0 12 12 12 12 12 12 12 12 12 11 12 12 21 12 12 12 12 21 12 21 21 12 12 12 12 12 102 102 12 21 11 11 12 11 12 71 12 12 861 11 12 75 611 75 75 75 75 102 432 102 71 11 11 11 11 11 71 11 12 12 71 12
0 0 0 0 0 0 0 0 0 0 0 0 0 0 0 0 0 0 0 0 0 0 0 0 0 0 0 0 0 0 0 0 441 12 12 12 12 12 12 11 12 12 12 11 12 12 12 12 71 12 12 21 12 21 21 12 12 71 18 12 11 11 12 11 11 12 12 11 11 71 12 12 12 21 87 71 75 611 75 75 12 12 11 102 102 11 11 12 12 71 71 71 12 71 71 12
