Data_GAL/uso_suelo_cellsize.asc
ncols        311
nrows        334
xllcorner    -14464.897400000133
yllcorner    4637275.749599999748
cellsize     666.000000000000
[rows 228 to 284 of 334, columns 96 to 191 of 311]
11 11 11 21 31 12 21 18 18 432 432 21 11 73 21 21 432 432 432 432 432 432 432 432 21 21 11 102 12 101 12 12 12 6122 11 11 12 11 11 11 11 11 11 11 11 11 11 11 11 11 11 11 75 11 11 75 71 812 11 11 11 75 11 11 11 75 171 75 102 102 11 11 11 11 75 11 71 11 11 75 21 11 11 11 71 11 12 861 11 11 11 11 11 25 11 11
12 12 11 21 21 11 73 18 432 11 73 11 11 21 21 21 432 432 432 21 21 432 811 811 11 11 11 21 21 6122 12 12 12 6122 11 12 12 12 12 14 811 75 11 12 11 11 11 11 11 73 11 11 75 11 75 11 11 11 11 11 11 11 11 75 75 75 171 102 102 11 75 75 11 75 811 75 21 11 75 75 21 75 75 71 11 11 11 11 11 21 171 11 71 25 11 11
12 11 21 12 21 11 11 432 11 11 11 21 21 21 21 11 21 432 432 432 432 432 11 11 11 11 21 21 21 11 6122 12 12 12 12 11 21 11 11 11 11 11 75 21 11 11 11 11 71 75 75 11 75 11 11 71 11 11 73 11 11 11 75 75 75 11 102 11 11 11 11 11 75 11 11 11 11 75 75 75 11 11 71 611 21 11 11 11 11 21 171 75 75 21 11 21
12 12 12 21 12 73 11 21 21 21 21 21 31 21 21 21 21 432 432 432 432 11 11 11 11 11 21 21 11 73 11 6122 11 12 12 11 11 11 75 11 11 11 11 11 11 11 71 75 11 75 75 11 11 75 11 71 11 11 11 11 11 71 75 71 11 75 11 11 11 21 21 11 11 11 11 75 11 11 75 11 75 11 75 14 12 11 21 11 11 171 171 12 171 11 73 21
12 12 12 11 11 12 12 21 21 12 11 21 21 21 21 21 21 21 432 432 432 11 11 11 21 12 11 11 11 11 102 102 21 12 73 11 75 11 11 75 11 11 75 11 71 71 11 11 11 11 75 11 75 75 11 75 11 432 432 11 11 11 11 11 11 11 11 11 11 75 11 75 75 11 11 11 11 71 11 11 102 102 171 11 75 71 11 18 21 82 11 11 11 11 12 21
73 12 21 11 21 11 11 21 21 21 21 21 21 21 21 21 21 21 21 21 21 11 11 811 21 21 21 11 11 11 102 102 21 12 11 11 11 11 11 11 11 75 75 75 71 11 11 11 11 11 73 11 75 75 11 11 11 12 75 11 11 11 11 11 11 11 21 11 71 11 75 11 11 11 75 71 75 11 11 102 11 11 171 11 11 12 11 18 21 21 171 171 21 21 71 21
12 12 75 11 11 11 73 21 21 21 21 21 21 21 21 21 21 21 21 21 21 21 21 21 21 21 73 11 11 11 11 102 12 11 26 11 11 71 11 11 11 11 75 71 11 11 11 11 11 73 11 11 11 11 75 11 75 11 75 21 171 21 11 82 11 11 11 11 11 11 11 11 75 75 102 71 75 11 11 11 71 11 11 11 21 21 71 18 18 11 171 11 12 12 11 11
21 21 73 21 12 12 73 21 21 73 21 21 21 21 21 21 21 21 21 21 21 21 21 21 73 11 21 11 73 11 12 21 11 21 73 11 11 11 11 11 11 11 11 71 11 11 11 71 11 73 11 71 11 11 15 11 75 11 11 21 75 11 21 11 11 11 11 75 11 11 11 21 75 102 102 11 75 11 75 861 861 75 11 11 11 11 11 75 75 75 11 11 11 11 11 75
12 11 11 14 21 14 21 21 12 21 11 73 21 21 21 21 21 21 21 21 21 21 21 21 21 11 21 11 11 11 11 11 21 21 102 11 21 11 11 11 11 11 11 71 11 102 21 11 11 71 11 11 75 75 11 11 75 11 21 11 11 75 21 11 75 11 11 11 21 11 11 21 21 102 102 75 11 611 11 21 75 75 11 11 11 75 75 21 11 75 11 75 75 75 11 11
21 73 73 11 11 11 73 12 21 21 21 21 11 21 21 21 21 21 21 21 21 21 21 11 11 21 21 21 11 11 101 26 26 21 75 11 11 11 11 11 811 11 11 11 11 12 12 12 12 75 21 75 75 75 11 75 11 75 861 71 75 11 102 11 75 11 11 11 861 21 21 102 102 11 75 75 611 812 812 21 21 21 11 171 75 171 171 21 21 11 11 11 75 11 171 75
432 11 18 12 12 11 12 73 21 21 21 21 21 21 21 21 21 21 21 21 21 21 21 11 21 26 21 11 11 11 26 26 26 21 11 75 11 75 11 75 75 11 73 11 11 12 71 12 12 12 11 75 11 11 11 75 11 75 75 21 11 11 102 12 102 75 11 11 75 83 811 811 811 75 811 811 611 812 11 71 11 21 11 75 171 171 11 171 74 12 11 11 11 11 18 18
432 432 432 15 21 21 12 21 21 21 21 21 21 21 21 21 21 21 21 21 21 21 11 21 21 26 21 21 11 11 26 26 11 11 11 21 11 11 11 75 11 11 11 11 11 11 11 73 12 12 11 11 11 11 11 11 11 611 11 75 75 75 102 102 102 11 11 82 811 611 812 812 812 811 811 71 812 11 75 11 75 11 11 11 75 25 171 171 74 74 75 11 71 11 21 11
21 432 432 11 11 21 21 11 11 21 21 21 21 21 21 21 21 21 11 21 21 21 71 11 21 21 21 21 21 11 26 26 11 11 73 11 11 11 11 11 11 11 73 11 11 11 73 73 11 12 11 11 11 11 11 11 75 12 12 14 75 11 11 75 75 11 611 12 71 12 12 12 811 811 811 811 811 812 812 11 11 11 11 75 75 75 11 11 71 11 11 75 11 11 74 21
21 21 432 12 21 21 21 21 21 21 21 21 14 21 21 21 21 21 11 21 12 12 21 21 21 21 21 21 21 21 26 11 21 21 11 11 11 11 11 11 11 73 73 15 75 21 11 11 11 75 75 75 11 11 73 11 6122 11 11 12 11 861 71 11 71 11 11 11 12 12 12 11 812 811 811 811 811 812 11 75 11 75 11 11 11 171 11 11 102 11 11 11 102 11 21 21
21 21 21 12 21 12 21 12 21 21 21 21 14 21 21 21 21 21 21 11 21 12 71 21 21 21 21 12 21 11 11 11 21 21 21 11 11 11 11 11 11 73 73 171 73 11 11 11 71 11 11 6122 12 6122 11 11 11 71 11 11 11 11 71 11 11 11 11 12 12 75 75 11 71 812 811 811 11 11 87 21 11 21 6122 102 11 82 11 11 102 12 12 432 21 12 26 71
21 102 18 11 21 21 12 12 21 21 21 21 21 21 21 21 21 21 11 21 21 21 21 21 21 11 21 21 21 21 12 11 11 21 21 21 73 11 11 11 11 73 171 73 11 12 11 73 11 11 71 71 11 71 71 71 11 11 11 11 11 11 71 11 71 11 11 12 11 73 75 75 71 14 811 811 811 861 11 21 11 11 11 102 11 14 71 11 11 21 71 11 11 21 26 11
21 11 11 21 11 21 21 11 21 21 21 21 21 21 21 21 11 11 21 11 21 21 21 21 21 21 11 21 11 71 21 11 71 102 21 21 21 11 11 11 73 73 14 11 12 12 11 11 6122 71 11 11 11 11 11 11 11 21 11 82 12 11 12 811 11 11 21 21 21 11 75 73 811 75 75 811 811 11 71 11 85 83 11 812 71 71 71 11 11 71 171 11 11 21 11 11
12 12 21 21 21 21 12 12 21 21 21 21 21 21 21 21 11 71 11 11 11 21 11 21 21 21 21 21 21 11 14 21 21 21 11 432 11 11 73 11 811 11 73 6122 73 73 6122 11 6122 11 11 11 11 71 11 11 11 11 14 12 21 11 11 11 11 73 11 21 11 11 102 811 11 11 811 71 75 11 11 11 11 83 71 11 18 71 11 11 71 71 71 71 11 75 11 71
12 12 21 12 21 21 12 11 12 12 11 12 21 21 21 11 71 11 11 71 71 11 11 21 21 21 21 21 71 21 21 21 21 21 73 432 11 21 11 73 811 11 11 6122 6122 6122 73 73 11 71 11 11 11 71 71 11 11 12 11 11 12 12 14 25 73 73 11 11 11 11 11 11 11 71 75 75 75 11 21 811 71 11 11 71 73 71 71 21 11 71 71 11 11 11 82 11
21 21 12 12 12 21 101 12 12 12 71 14 21 21 21 71 11 71 11 11 21 21 21 21 21 21 21 21 21 21 21 71 861 102 11 11 21 21 11 73 11 11 73 11 6122 73 73 11 71 14 71 11 11 11 71 11 12 11 11 73 12 12 21 11 12 21 11 811 11 11 11 73 11 11 14 75 21 21 75 21 11 11 11 11 71 11 11 73 11 11 11 73 21 11 21 11
12 21 21 21 12 11 11 71 11 11 11 12 21 21 21 11 11 11 11 11 21 21 21 21 21 21 21 21 21 21 102 102 102 811 11 73 11 11 11 73 11 11 11 11 73 73 11 21 11 11 11 71 71 11 11 71 12 11 11 11 11 12 11 75 12 21 71 11 11 11 11 811 11 811 103 11 11 21 811 11 21 83 83 71 71 11 11 11 11 11 21 21 21 21 21 21
812 71 21 11 12 11 71 75 12 12 21 12 21 11 11 11 21 21 11 21 21 21 21 21 21 21 21 21 11 12 12 21 75 11 75 11 11 73 73 14 11 11 11 11 11 11 11 11 11 12 11 11 11 11 73 11 12 11 21 11 12 12 11 102 102 11 11 11 75 11 11 71 11 11 11 11 11 83 71 83 83 83 21 71 102 71 71 71 11 11 11 11 11 11 21 21
12 11 71 12 71 71 71 75 12 11 12 12 21 12 11 71 71 11 11 21 21 11 21 21 21 21 82 21 11 11 11 11 11 11 102 102 102 14 11 21 11 11 73 11 11 73 11 11 11 73 11 11 11 11 11 11 12 12 12 12 12 11 11 11 102 432 21 71 11 71 11 11 71 11 11 83 11 83 83 83 83 21 71 11 75 11 73 14 11 11 11 11 21 21 11 73
12 12 12 12 71 71 14 12 75 11 71 21 12 21 11 71 21 21 21 21 21 71 21 21 21 21 21 21 11 11 11 811 11 12 102 102 21 611 73 11 11 11 11 11 11 21 11 11 11 21 21 171 21 11 11 11 11 11 103 11 12 12 11 11 103 4542 12 11 11 11 11 11 71 11 11 11 71 11 75 83 71 71 171 11 11 11 11 73 11 11 11 11 11 11 11 11
21 12 75 11 11 71 71 12 12 11 11 21 12 12 12 21 21 21 12 11 11 71 12 21 21 21 21 21 21 11 811 11 811 432 432 102 73 73 811 73 11 11 11 12 11 11 73 73 11 21 21 11 73 11 11 11 12 21 12 12 12 12 12 12 12 11 11 11 11 11 11 21 71 11 73 11 71 11 11 11 11 21 21 71 11 11 18 11 71 21 73 11 21 11 73 11
12 71 11 12 12 12 11 21 11 12 12 21 432 21 21 21 21 12 21 11 11 11 21 12 21 21 21 21 21 811 11 12 102 102 11 11 11 11 71 14 73 21 11 12 11 73 11 811 21 171 73 11 11 11 11 11 21 21 12 12 12 12 12 12 12 11 11 11 11 73 73 11 11 11 11 11 11 11 75 11 21 71 21 71 71 21 73 15 21 71 71 21 73 21 21 19
811 71 811 12 12 811 11 11 11 12 12 75 75 11 21 21 12 21 12 11 11 11 18 18 12 21 21 21 11 11 18 102 102 102 102 102 11 21 73 11 11 11 11 12 12 11 73 11 73 73 11 73 11 11 171 11 171 73 21 12 11 21 12 12 12 73 12 12 11 73 73 11 73 861 11 11 11 75 11 21 11 21 14 71 25 171 25 73 11 73 11 11 11 21 21 19
811 12 12 12 12 71 12 11 21 11 11 12 12 73 21 12 12 12 12 11 11 71 18 21 12 21 21 21 21 11 12 102 102 102 432 11 611 11 73 11 73 11 11 11 11 73 73 11 11 21 11 11 11 73 11 73 21 73 11 11 21 11 12 12 12 12 12 11 11 11 18 18 11 171 73 11 11 75 21 21 21 21 71 102 25 11 71 71 11 21 21 21 21 21 21 18
12 12 12 12 12 12 71 12 11 75 71 12 811 12 21 12 12 12 21 12 71 11 11 21 21 21 21 11 11 21 12 432 102 432 432 11 73 11 11 11 11 73 21 11 73 11 73 11 21 21 21 12 12 171 21 21 14 11 11 11 73 11 12 12 12 11 12 11 73 15 21 18 11 73 73 21 75 75 21 11 21 11 11 71 71 71 811 71 71 11 11 21 171 11 11 11
18 11 71 12 11 11 11 12 11 11 21 21 11 21 11 21 12 432 432 71 21 71 11 11 21 11 11 11 11 11 11 11 432 432 11 11 73 11 11 11 11 11 11 11 11 811 11 11 14 11 21 21 21 171 11 21 73 11 11 11 73 11 25 11 12 11 14 73 11 171 11 11 11 73 21 11 11 11 11 11 73 11 11 11 11 71 11 71 21 11 71 11 11 73 11 11
12 12 11 12 71 11 12 12 12 11 12 19 21 21 432 432 432 432 432 71 11 15 11 21 75 83 73 73 12 432 11 11 11 432 11 11 11 11 73 11 11 82 11 11 11 11 11 11 12 11 73 11 11 11 21 73 11 11 11 11 73 11 73 12 73 73 811 11 11 171 73 11 11 73 73 71 75 75 11 11 73 11 15 812 11 21 11 21 73 25 11 71 71 11 71 11
75 12 12 11 11 11 12 74 11 75 12 71 811 11 432 432 432 432 11 11 11 71 811 811 12 11 12 12 12 73 11 101 11 11 11 11 11 73 11 21 11 11 11 11 11 12 12 12 31 11 11 11 11 11 73 73 11 11 73 11 11 11 11 11 12 73 11 11 11 171 73 21 11 73 25 11 11 75 11 21 11 11 11 11 11 11 11 171 73 11 71 71 71 11 21 11
75 12 12 12 12 12 21 12 75 75 12 11 11 73 432 432 432 432 11 71 11 71 71 84 11 11 73 12 73 11 12 11 75 11 11 11 11 12 861 21 12 11 11 71 12 12 12 12 12 14 11 11 11 812 11 11 11 11 11 11 11 11 11 11 73 73 73 73 73 11 11 11 11 11 11 73 11 11 21 11 21 11 11 11 11 73 11 71 11 71 11 11 11 14 75 11
75 12 12 12 12 71 21 12 12 12 11 71 432 11 432 432 432 11 21 11 11 11 21 72 12 18 11 11 11 11 12 11 71 11 11 811 11 11 11 11 12 12 21 12 11 12 11 11 21 14 21 11 11 171 11 73 73 11 11 73 73 73 73 102 102 21 73 73 21 25 25 171 73 11 11 73 11 11 21 11 11 11 11 11 11 73 21 71 171 71 11 71 11 11 21 21
12 102 102 12 12 71 12 12 12 12 12 21 432 432 432 432 12 21 71 11 11 12 11 11 21 11 12 11 11 11 21 21 11 21 12 11 11 11 11 11 11 12 11 11 73 11 11 11 11 73 11 11 11 11 11 11 171 11 73 73 73 11 11 11 73 21 73 73 73 25 73 11 73 11 73 25 25 11 11 11 11 74 74 11 11 11 11 21 73 73 21 14 75 11 21 21
75 102 12 12 12 12 21 12 12 12 12 12 12 432 73 432 21 21 21 11 11 11 21 11 102 11 11 11 11 73 21 12 12 21 11 11 11 73 11 11 73 11 11 11 171 11 73 11 11 11 11 11 11 11 11 73 171 11 11 21 14 11 73 73 73 73 73 11 21 11 11 11 73 11 11 15 11 11 11 11 11 11 171 73 21 11 21 73 11 14 21 11 11 75 21 73
11 11 75 75 12 12 21 12 12 71 12 71 12 21 861 11 21 11 21 11 71 71 21 11 11 71 71 11 21 21 21 71 102 12 11 11 11 73 21 11 11 11 11 11 171 11 11 11 11 432 11 11 11 171 11 11 11 11 11 11 11 11 11 73 73 73 11 73 11 11 14 11 73 11 11 73 11 11 11 11 73 861 171 21 11 11 21 11 14 811 21 21 73 11 21 11
11 12 11 75 12 75 12 21 11 861 11 12 21 12 21 432 102 11 11 11 71 11 11 11 11 11 71 21 21 21 21 21 21 12 12 11 611 11 73 11 11 11 11 171 11 11 73 11 811 11 11 11 171 73 11 11 11 11 11 171 75 11 11 75 75 11 11 14 11 74 11 11 11 11 11 73 73 73 11 73 73 83 21 11 73 11 11 11 73 11 11 11 11 21 21 11
11 11 812 11 75 12 12 12 11 21 12 12 21 21 432 432 102 11 71 71 75 75 11 11 11 12 11 12 12 21 21 12 12 11 11 21 21 73 11 11 11 11 11 73 171 11 21 11 73 73 73 171 171 11 75 75 171 73 11 171 75 75 75 14 18 11 14 73 73 73 73 11 73 11 11 11 11 11 11 73 811 811 73 73 11 73 73 11 171 73 11 21 21 21 11 171
11 12 71 71 11 11 11 21 21 21 21 12 21 21 432 73 73 12 21 811 12 75 75 71 71 12 71 11 11 11 21 21 12 15 11 11 12 11 11 11 73 11 11 11 171 73 21 21 11 11 11 11 11 73 75 11 75 11 11 75 75 11 11 11 18 18 73 11 11 11 73 75 18 73 21 11 11 11 14 73 73 811 21 11 11 11 11 11 11 12 11 11 21 21 11 11
12 12 12 861 12 11 11 21 21 12 862 21 21 11 432 102 12 73 12 12 11 75 75 71 11 71 71 71 12 75 12 12 12 71 12 12 12 12 12 75 11 11 11 11 11 11 12 11 11 73 171 73 71 21 73 11 11 73 11 75 11 11 11 75 75 75 11 11 11 11 11 11 73 73 11 21 73 73 11 21 11 11 73 11 11 11 11 12 12 71 73 73 21 11 21 21
11 75 75 102 21 12 12 71 12 12 21 12 21 432 12 102 12 71 432 71 71 71 11 11 11 71 71 11 75 11 11 11 611 611 12 12 11 71 11 12 11 71 12 11 11 11 11 21 18 11 11 11 11 11 71 11 11 11 11 171 11 71 71 11 11 21 75 75 11 11 73 171 73 71 21 74 73 11 11 11 11 11 12 12 11 11 11 21 11 71 171 73 21 21 71 811
75 11 75 12 12 12 12 21 21 21 11 12 21 21 102 102 102 12 12 11 71 11 71 71 71 71 11 71 11 11 71 0 71 71 811 12 12 71 71 12 18 12 71 12 11 18 18 11 18 18 18 11 11 11 71 71 15 71 11 11 11 11 171 11 75 171 73 75 11 171 21 71 11 71 11 11 11 71 11 73 11 11 11 11 11 25 11 12 171 12 71 71 71 71 71 171
11 75 11 11 12 12 12 12 21 71 71 12 21 21 21 102 12 71 71 71 12 18 18 11 71 11 71 21 11 11 11 0 12 71 71 12 12 12 12 71 18 11 12 11 11 71 11 21 11 18 11 71 11 71 71 11 11 24 24 171 171 75 171 171 11 11 11 75 75 171 171 11 11 21 21 11 11 11 24 101 11 11 11 71 25 25 71 71 71 21 11 71 811 11 171 71
811 75 11 21 21 12 11 12 21 102 21 21 21 21 18 18 18 71 12 11 18 18 71 71 0 0 611 71 11 0 0 0 73 71 12 84 71 71 12 71 18 11 12 11 71 71 71 11 11 18 171 11 11 71 11 71 24 24 171 171 171 171 171 171 171 11 71 171 11 171 71 11 11 21 21 21 11 11 12 24 11 12 71 11 11 25 21 71 11 11 71 71 71 11 71 71
75 11 11 11 12 12 71 21 11 21 21 21 102 11 18 18 18 18 12 11 18 18 71 11 0 0 0 0 0 0 0 0 71 11 12 12 71 11 12 12 11 12 12 71 71 11 12 11 18 71 71 71 11 11 11 11 171 171 171 171 11 75 171 75 171 11 11 74 11 171 11 11 74 21 21 71 11 18 21 24 101 11 11 71 11 11 861 11 11 71 71 71 71 171 171 71
75 75 75 75 12 21 12 12 21 21 21 21 102 71 11 71 12 18 12 11 12 12 611 101 0 0 0 0 0 0 0 0 71 82 11 12 71 11 171 811 12 12 11 11 71 12 11 21 21 21 171 171 171 171 11 171 171 24 24 11 11 11 75 171 75 75 11 11 74 11 171 11 74 21 21 11 71 11 11 12 12 11 11 71 25 11 71 71 171 71 71 71 71 71 71 71
11 11 75 75 102 12 71 11 21 21 21 21 102 71 71 71 71 71 71 71 0 0 0 0 0 0 0 0 0 0 0 0 71 11 21 21 12 11 11 11 11 11 21 11 171 812 11 11 11 171 71 11 24 71 171 171 24 24 24 12 24 24 171 171 75 11 11 74 11 11 11 11 71 171 71 11 71 11 21 21 12 12 71 71 11 71 71 11 15 71 71 71 71 71 71 71
75 75 75 11 102 102 71 71 11 21 21 12 11 11 71 11 71 811 71 0 0 0 0 0 0 0 0 0 0 0 0 0 71 11 21 12 11 11 71 21 21 26 71 12 11 11 21 21 21 21 11 24 171 171 11 21 24 24 24 24 171 171 171 171 171 71 11 11 74 11 11 71 71 171 71 71 71 11 171 11 12 12 12 11 11 21 71 71 71 71 71 71 71 71 71 71
82 75 811 12 102 11 11 71 11 102 102 102 71 102 71 11 0 0 0 0 0 0 0 0 0 0 0 0 0 0 0 0 11 11 11 71 11 11 71 21 26 21 11 12 12 11 21 11 21 12 11 24 171 21 11 24 24 24 24 24 24 171 11 11 11 11 21 25 74 171 11 71 71 171 71 71 71 11 11 71 11 21 11 12 11 21 71 11 71 71 71 11 71 71 71 71
82 812 75 102 11 11 11 71 71 11 71 71 811 71 11 0 0 0 0 0 0 0 0 0 0 0 0 0 0 0 0 0 74 21 11 21 21 75 71 11 11 26 26 11 11 11 11 11 21 21 11 24 171 171 171 171 21 24 24 12 12 171 11 11 11 171 21 21 25 171 171 71 71 171 11 11 11 71 811 11 11 21 21 11 21 21 71 71 71 71 71 71 71 71 71 71
12 12 102 71 12 71 12 71 71 0 0 0 12 83 71 0 0 0 0 0 0 0 0 0 0 0 0 0 0 0 0 0 11 21 21 21 12 12 11 21 21 21 26 26 26 26 11 71 21 71 24 24 171 24 14 71 11 12 24 12 24 171 21 11 71 21 171 11 21 21 11 71 171 171 71 71 11 11 11 11 11 11 18 21 11 11 71 71 71 71 71 11 71 71 71 71
0 102 71 71 102 12 11 11 11 0 0 0 0 0 0 0 0 0 0 0 0 0 0 0 0 0 0 0 0 0 0 0 71 21 21 21 21 11 11 21 21 21 11 26 26 26 26 11 71 71 11 24 12 24 171 171 11 24 24 12 171 171 171 171 171 171 171 171 171 21 21 171 812 171 11 71 171 71 71 71 71 11 11 11 11 11 71 15 861 71 71 71 71 71 71 71
0 0 11 0 0 0 0 0 0 0 0 0 0 0 0 0 0 0 0 0 0 0 0 0 0 0 0 0 0 0 0 0 71 11 21 21 21 21 11 21 21 21 21 26 26 26 11 74 21 24 24 24 24 24 24 24 12 12 24 21 21 171 171 171 171 171 11 171 11 11 11 21 71 171 21 71 171 71 71 11 73 11 11 11 71 71 71 11 11 71 71 71 71 71 71 71
0 0 0 0 0 0 0 0 0 0 0 0 0 0 0 0 0 0 0 0 0 0 0 0 0 0 0 0 0 0 0 0 71 21 21 21 21 21 11 21 0 21 12 12 26 26 26 21 24 11 24 24 24 24 11 24 24 24 811 71 171 171 21 11 11 171 71 21 21 11 171 171 171 11 12 21 18 71 71 15 21 11 11 11 71 71 71 71 71 71 71 71 71 71 71 71
0 0 0 0 0 0 0 0 0 0 0 0 0 0 0 0 0 0 0 0 0 0 0 0 0 0 0 0 0 0 0 0 11 21 21 0 0 0 0 0 0 0 12 12 26 26 26 26 24 11 24 24 24 24 24 24 24 74 11 71 11 11 171 21 21 171 811 11 11 171 171 171 11 811 15 71 18 71 71 71 21 11 11 71 71 71 6121 82 71 71 71 71 71 71 71 71
0 0 0 0 0 0 0 0 0 0 0 0 0 0 0 0 0 0 0 0 0 0 0 0 0 0 0 0 0 0 0 0 0 21 0 0 0 0 0 0 0 0 0 26 26 26 26 26 26 24 24 24 452 24 24 24 24 11 24 71 21 12 82 21 21 12 21 11 171 171 21 21 21 21 71 71 71 11 71 71 71 71 71 71 6121 6121 71 71 71 71 71 71 71 19 71 75
