Data_GAL/uso_suelo_cellsize.asc
ncols        311
nrows        334
xllcorner    -14464.897400000133
yllcorner    4637275.749599999748
cellsize     666.000000000000
[rows 57 to 113 of 334, columns 0 to 95 of 311]
0 0 0 0 0 0 0 0 0 0 0 0 0 0 0 0 0 0 0 0 0 0 0 0 0 0 0 0 0 0 0 0 0 0 0 0 0 0 0 0 0 0 0 0 0 0 0 0 0 0 0 0 0 0 0 0 0 0 0 0 0 0 0 0 0 0 0 0 0 0 0 0 0 0 0 0 0 0 0 0 0 0 0 0 0 0 0 0 0 0 0 0 0 0 0 0
0 0 0 0 0 0 0 0 0 0 0 0 0 0 0 0 0 0 0 0 0 0 0 0 0 0 0 0 0 0 0 0 0 0 0 0 0 0 0 0 0 0 0 0 0 0 0 0 0 0 0 0 0 0 0 0 0 0 0 0 0 0 0 0 0 0 0 0 0 0 0 0 0 0 0 0 0 0 0 0 0 0 0 0 0 0 0 0 0 0 0 0 0 0 0 0
0 0 0 0 0 0 0 0 0 0 0 0 0 0 0 0 0 0 0 0 0 0 0 0 0 0 0 0 0 0 0 0 0 0 0 0 0 0 0 0 0 0 0 0 0 0 0 0 0 0 0 0 0 0 0 0 0 0 0 0 0 0 0 0 0 0 0 0 0 0 0 0 0 0 0 0 0 0 0 0 0 0 0 0 0 0 0 0 0 0 0 0 0 0 0 0
0 0 0 0 0 0 0 0 0 0 0 0 0 0 0 0 0 0 0 0 0 0 0 0 0 0 0 0 0 0 0 0 0 0 0 0 0 0 0 0 0 0 0 0 0 0 0 0 0 0 0 0 0 0 0 0 0 0 0 0 0 0 0 0 0 0 0 0 0 0 0 0 0 0 0 0 0 0 0 0 0 0 0 0 0 0 0 0 0 0 0 0 0 0 0 0
0 0 0 0 0 0 0 0 0 0 0 0 0 0 0 0 0 0 0 0 0 0 0 0 0 0 0 0 0 0 0 0 0 0 0 0 0 0 0 0 0 0 0 0 0 0 0 0 0 0 0 0 0 0 0 0 0 0 0 0 0 0 0 0 0 0 0 0 0 0 0 0 0 0 0 0 0 0 0 0 0 0 0 0 0 0 0 0 0 0 0 0 0 0 0 0
0 0 0 0 0 0 0 0 0 0 0 0 0 0 0 0 0 0 0 0 0 0 0 0 0 0 0 0 0 0 0 0 0 0 0 0 0 0 0 0 0 0 0 0 0 0 0 0 0 0 0 0 0 0 0 0 0 0 0 0 0 0 0 0 0 0 0 0 0 0 0 0 0 0 0 0 0 0 0 0 0 0 0 0 0 0 0 0 0 0 0 0 0 0 0 0
0 0 0 0 0 0 0 0 0 0 0 0 0 0 0 0 0 0 0 0 0 0 0 0 0 0 0 0 0 0 0 0 0 0 0 0 0 0 0 0 0 0 0 0 0 0 0 0 0 0 0 0 0 0 0 0 0 0 0 0 0 442 442 0 0 0 0 0 0 0 0 0 0 0 0 0 0 0 0 0 0 0 0 0 0 0 0 0 0 0 0 0 0 0 0 0
0 0 0 0 0 0 0 0 0 0 0 0 0 0 0 0 0 0 0 0 0 0 0 0 0 0 0 0 0 0 0 0 0 0 0 0 0 0 0 0 0 0 0 0 0 0 0 0 0 0 0 0 0 0 0 0 0 0 0 0 0 0 442 0 0 0 0 0 0 0 0 0 0 0 0 0 0 0 0 0 0 0 0 0 0 0 0 0 0 0 0 0 0 0 0 0
0 0 0 0 0 0 0 0 0 0 0 0 0 0 0 0 0 0 0 0 0 0 0 0 0 0 0 0 0 0 0 0 0 0 0 0 0 0 0 0 0 0 0 0 0 0 0 0 0 0 0 0 0 0 0 0 0 0 0 0 0 0 0 0 0 0 0 0 0 0 0 0 0 0 0 0 0 0 0 0 0 0 0 0 0 0 0 0 0 0 0 0 0 0 0 0
0 0 0 0 0 0 0 0 0 0 0 0 0 0 0 0 0 0 0 0 0 0 0 0 0 0 0 0 0 0 0 0 0 0 0 0 0 0 0 0 0 0 0 0 0 0 0 0 0 0 0 0 0 0 0 0 0 0 0 0 0 441 31 0 0 0 0 0 0 0 0 0 0 0 0 0 0 0 0 0 0 0 0 0 0 0 0 0 0 0 0 0 0 0 0 0
0 0 0 0 0 0 0 0 0 0 0 0 0 0 0 0 0 0 0 0 0 0 0 0 0 0 0 0 0 0 0 0 0 0 0 0 0 0 0 0 0 0 0 0 0 0 0 0 0 0 0 0 0 0 0 0 0 0 0 0 0 31 31 0 0 0 0 0 0 0 0 0 0 0 0 0 0 0 0 0 0 0 0 0 0 0 0 0 0 0 0 0 0 0 0 0
0 0 0 0 0 0 0 0 0 0 0 0 0 0 0 0 0 0 0 0 0 0 0 0 0 0 0 0 0 0 0 0 0 0 0 0 0 0 0 0 0 0 0 0 0 0 0 0 0 0 0 0 0 0 0 0 0 0 0 0 0 31 31 0 0 0 0 0 0 0 0 0 0 0 0 0 0 0 0 0 0 0 0 0 0 0 0 0 0 0 0 0 0 0 0 0
0 0 0 0 0 0 0 0 0 0 0 0 0 0 0 0 0 0 0 0 0 0 0 0 0 0 0 0 0 0 0 0 0 0 0 0 0 0 0 0 0 0 0 0 0 0 0 0 0 0 0 0 0 441 0 0 0 0 0 0 31 31 73 73 0 21 0 0 0 0 0 0 0 0 0 0 0 0 0 0 0 0 0 0 0 0 0 0 0 0 0 0 0 0 0 0
0 0 0 0 0 0 0 0 0 0 0 0 0 0 0 0 0 0 0 0 0 0 0 0 0 0 0 0 0 0 0 0 0 0 0 0 0 0 0 0 0 0 0 0 0 0 0 0 0 0 0 0 0 21 21 21 0 75 21 71 71 71 812 812 83 21 0 0 0 0 0 0 0 0 0 0 0 0 0 0 0 0 0 0 0 0 0 0 0 0 0 0 0 0 0 0
0 0 0 0 0 0 0 0 0 0 0 0 0 0 0 0 0 0 0 0 0 0 0 0 0 0 0 0 0 0 0 0 0 0 0 0 0 0 0 0 0 0 0 0 0 0 0 0 0 0 0 0 0 21 21 21 21 75 75 521 71 12 71 71 19 21 0 0 0 0 0 0 0 0 0 0 0 0 0 0 0 0 0 0 0 0 0 0 0 0 0 0 0 0 0 0
0 0 0 0 0 0 0 0 0 0 0 0 0 0 0 0 0 0 0 0 0 0 0 0 0 0 0 0 0 0 0 0 0 0 0 0 0 0 0 0 0 0 0 0 0 0 0 0 0 0 0 0 441 21 21 18 21 75 12 11 12 12 12 12 71 19 21 0 0 0 0 0 0 0 0 0 0 0 0 0 0 0 0 0 0 0 0 0 0 0 0 21 0 0 0 0
0 0 0 0 0 0 0 0 0 0 0 0 0 0 0 0 0 0 0 0 0 0 0 0 0 0 0 0 0 0 0 0 0 0 0 0 0 0 0 0 0 0 0 0 0 0 0 0 0 0 0 0 0 12 12 21 12 811 11 12 12 12 12 12 12 71 19 21 0 0 0 0 0 0 0 0 0 0 0 0 0 0 0 0 0 0 0 21 21 21 12 21 12 12 0 0
0 0 0 0 0 0 0 0 0 0 0 0 0 0 0 0 0 0 0 0 0 0 0 0 0 0 0 0 0 0 0 0 0 0 0 0 0 0 0 0 0 0 0 0 0 0 26 26 441 0 26 12 26 71 12 12 12 75 75 11 11 71 12 12 12 71 71 19 12 21 12 0 0 0 0 0 0 0 0 0 0 0 0 0 21 21 71 19 21 12 12 12 71 71 12 71
0 0 0 0 0 0 0 0 0 0 0 0 0 0 0 0 0 0 0 0 0 0 0 0 0 0 0 0 0 0 0 0 0 0 0 0 0 0 0 0 0 0 0 26 26 21 71 26 12 26 26 101 12 12 71 12 12 75 75 11 11 11 12 71 71 71 71 71 12 12 12 12 41 41 71 0 0 0 0 0 41 622 521 521 71 71 71 21 19 19 19 21 21 12 12 71
0 0 0 0 0 0 0 0 0 0 0 0 0 0 0 0 0 0 0 0 0 0 0 0 0 0 0 0 0 0 0 0 0 0 0 0 0 0 0 0 0 0 441 26 862 26 12 12 12 26 12 19 19 71 71 12 12 75 75 11 11 12 12 12 71 12 101 12 12 12 71 12 12 12 12 71 812 812 521 521 71 622 622 521 71 71 71 812 19 19 73 21 12 12 71 12
0 0 0 0 0 0 0 0 0 0 0 0 0 0 0 0 0 0 0 0 0 0 0 0 0 0 0 0 0 0 0 0 0 0 0 0 0 0 0 0 0 0 0 26 26 18 12 12 812 12 12 19 19 18 71 75 12 12 12 71 11 71 12 71 12 812 12 12 12 71 12 12 19 19 19 71 71 19 71 19 71 71 71 71 71 71 71 12 19 12 19 19 71 12 71 71
0 0 0 0 0 0 0 0 0 0 0 0 0 0 0 0 0 0 0 0 0 0 0 0 0 0 0 0 0 0 0 0 0 0 0 0 0 0 0 0 0 0 0 0 26 0 0 75 18 18 12 19 19 71 12 12 75 12 12 12 12 12 12 12 12 12 12 12 71 71 71 12 12 12 19 19 71 19 19 19 19 71 71 19 71 71 71 12 19 19 71 71 12 71 71 71
0 0 0 0 0 0 0 0 0 0 0 0 0 0 0 0 0 0 0 0 0 0 0 0 0 0 0 0 0 0 0 0 0 0 0 0 0 0 0 0 0 0 0 0 0 0 0 18 18 21 12 18 12 75 12 12 12 12 12 12 12 71 12 73 71 73 71 811 811 71 71 12 12 82 12 19 71 12 71 71 19 19 71 19 12 71 19 71 12 71 12 12 21 71 71 19
0 0 0 0 0 0 0 0 0 0 0 0 0 0 0 0 0 0 0 0 0 0 0 0 0 0 0 0 0 0 0 0 0 0 0 0 0 0 0 0 0 0 0 0 0 0 0 21 12 21 18 12 75 75 12 12 12 71 12 75 71 12 811 71 12 12 12 21 19 71 71 12 12 12 12 12 71 12 12 19 19 19 19 21 71 19 71 19 71 71 71 71 71 71 19 19
0 0 0 0 0 0 0 0 0 0 0 0 0 0 0 0 0 0 0 0 0 0 0 0 0 0 0 0 0 0 0 0 0 0 0 0 0 0 0 0 0 0 0 0 0 0 0 21 12 21 12 75 75 75 75 75 75 12 12 71 71 12 71 71 71 12 12 812 19 19 19 71 21 12 12 102 12 12 12 19 19 19 19 19 71 19 71 19 19 82 12 71 71 71 71 12
0 0 0 0 0 0 0 0 0 0 0 0 0 0 0 0 0 0 0 0 0 0 0 0 0 0 0 0 0 0 0 0 0 0 0 0 0 0 0 0 0 0 0 0 0 0 0 0 26 12 12 611 521 811 12 75 12 12 12 12 71 12 71 12 12 12 19 71 19 19 19 12 861 12 12 73 71 71 12 19 19 19 19 19 71 71 19 19 19 71 71 71 71 71 812 71
0 0 0 0 0 0 0 0 0 0 0 0 0 0 0 0 0 0 0 0 0 0 0 0 0 0 0 0 0 0 0 0 0 0 0 0 0 0 0 21 0 0 0 0 0 0 0 0 12 41 622 12 75 521 12 12 12 12 12 12 12 71 71 12 71 71 19 19 19 19 811 12 71 812 71 71 71 19 71 71 19 19 19 19 12 12 12 71 71 71 812 71 15 71 71 811
0 0 0 0 0 0 0 0 0 0 0 0 0 0 0 0 0 0 0 0 0 0 0 0 0 0 0 0 0 0 0 0 0 0 0 0 0 0 0 441 0 0 0 0 0 21 21 0 41 622 622 75 12 611 75 14 12 12 75 12 12 71 19 19 19 19 19 19 19 19 19 19 71 19 71 19 71 71 18 83 83 19 19 19 71 12 812 71 71 71 812 811 812 812 812 12
0 0 0 0 0 0 0 0 0 0 0 0 0 0 0 0 0 0 0 0 0 0 0 0 0 0 0 0 0 0 0 0 0 0 0 0 0 0 21 21 0 0 25 12 12 12 12 622 622 75 75 75 75 71 75 12 14 12 12 71 71 19 19 19 19 12 19 19 19 19 19 19 12 19 19 71 19 19 18 83 19 812 12 71 19 19 19 71 19 71 19 71 12 812 71 19
0 0 0 0 0 0 0 0 0 0 0 0 0 0 0 0 0 0 0 0 0 0 0 0 0 0 0 0 0 0 0 0 0 0 0 0 441 31 12 12 811 811 12 12 12 12 75 622 75 75 12 12 12 71 12 75 75 19 19 19 19 19 19 19 12 12 19 71 19 71 73 19 71 19 19 75 71 18 75 18 71 812 12 812 19 19 19 11 73 19 71 812 19 19 19 19
0 0 0 0 0 0 0 0 0 0 0 0 0 0 0 0 0 0 0 0 0 0 0 0 0 0 0 0 0 0 0 0 0 0 0 0 21 101 12 18 73 12 12 12 12 75 171 75 12 12 12 12 12 12 75 12 12 19 12 71 19 19 19 31 19 71 71 14 19 19 19 19 19 19 19 19 19 83 18 811 71 19 19 19 19 71 19 19 71 71 19 19 19 19 19 71
0 0 0 0 0 0 0 0 0 0 0 0 0 0 0 0 0 0 0 0 0 0 0 0 21 0 0 0 0 0 0 0 0 0 0 0 12 12 71 12 73 12 21 101 12 12 12 12 12 12 12 12 12 12 75 12 12 19 19 812 19 19 19 19 71 71 19 19 19 19 19 19 19 12 71 19 812 812 811 71 812 19 19 19 71 12 12 12 12 19 19 12 71 71 19 19
0 0 0 0 0 0 0 0 0 0 0 0 0 0 0 0 0 0 0 441 0 0 21 12 12 21 0 0 0 0 0 0 0 0 0 41 12 12 19 71 73 12 21 12 75 12 12 21 12 75 75 12 12 75 12 75 19 19 71 19 19 19 19 71 75 71 19 19 71 19 19 12 14 71 71 71 812 812 811 71 71 12 19 75 71 71 19 19 19 71 19 71 71 71 71 11
0 0 0 0 0 0 0 0 0 0 0 0 0 0 0 0 0 0 0 21 21 21 12 12 12 12 71 71 12 0 0 441 0 0 31 71 12 12 19 71 12 21 12 12 75 75 18 21 12 75 12 12 12 12 19 19 19 12 71 19 19 19 71 71 12 19 19 71 12 19 71 71 71 11 73 12 83 811 811 12 19 19 75 71 71 19 19 19 71 71 71 71 12 12 21 21
0 0 0 0 0 0 0 0 0 0 0 0 0 0 0 0 0 0 21 21 12 12 12 12 12 21 12 12 12 73 21 12 21 71 71 71 71 19 19 71 12 12 12 75 75 75 18 12 12 12 12 12 12 12 18 12 12 12 19 21 19 19 19 71 71 19 71 12 71 12 19 75 71 71 74 19 12 812 71 812 82 75 11 12 71 19 19 71 19 19 19 71 71 71 73 12
0 0 0 0 0 0 0 0 0 0 0 0 0 0 0 0 0 0 21 21 12 12 12 12 26 21 862 12 73 12 12 12 12 12 71 12 71 71 102 12 12 72 12 73 75 75 12 18 73 12 12 12 18 18 71 12 12 71 19 19 19 19 19 19 71 71 12 71 12 811 19 71 71 71 71 19 19 19 12 11 11 71 71 12 71 19 71 19 71 71 71 12 12 71 71 11
0 0 0 0 0 0 0 0 0 0 0 0 0 0 0 0 0 432 12 12 12 12 12 12 432 432 12 12 12 12 12 12 12 12 12 12 12 12 12 12 12 12 71 73 12 12 12 12 12 12 12 71 18 71 71 12 18 71 19 19 12 19 19 19 71 14 71 71 71 12 71 71 71 71 74 19 19 14 71 19 19 19 71 19 812 19 71 19 19 19 71 71 71 71 71 11
0 0 0 0 0 0 0 0 0 0 0 0 0 0 21 0 12 432 432 21 12 12 12 12 12 12 12 12 12 12 12 12 12 12 12 12 21 12 12 71 12 12 12 73 12 12 12 12 12 71 71 12 71 12 19 12 12 12 19 811 12 71 19 12 12 71 12 19 19 71 71 71 71 71 19 19 19 19 812 19 19 71 71 71 19 19 71 71 71 12 12 71 71 19 19 19
0 0 0 0 0 0 0 0 0 0 0 0 0 0 21 21 19 12 12 102 12 12 19 19 12 12 12 12 12 12 12 12 12 12 12 12 11 12 12 71 12 12 12 18 12 12 12 71 12 12 12 12 12 19 19 12 12 12 71 71 19 19 12 12 12 19 12 19 71 71 19 19 19 71 19 19 19 73 71 19 19 19 19 71 19 19 812 71 19 12 71 12 71 19 21 21
0 0 0 0 0 0 0 0 0 0 0 0 0 0 0 19 19 19 102 0 19 75 19 12 12 19 19 19 71 12 19 19 12 12 71 12 21 11 12 71 12 812 12 71 12 12 812 19 12 12 12 12 19 19 71 19 812 12 12 71 19 19 71 12 12 12 12 812 71 19 12 12 71 811 19 71 71 71 812 12 12 19 19 19 19 19 19 71 71 73 12 71 71 71 19 21
0 0 0 0 0 0 0 0 0 0 0 0 0 0 0 19 19 811 75 19 19 75 12 12 19 75 812 71 71 71 19 19 19 71 71 12 12 19 19 19 71 19 19 812 75 812 19 19 12 11 19 71 12 12 19 19 12 12 71 12 19 19 19 811 19 71 19 19 73 12 19 11 102 19 71 19 71 12 71 71 19 19 19 19 71 19 71 11 11 12 12 21 71 12 12 12
0 0 0 0 0 0 0 0 0 0 0 0 0 0 0 41 75 811 0 12 19 75 19 12 11 812 12 71 811 18 21 21 12 12 12 19 11 19 19 71 19 19 19 19 71 19 19 19 12 12 19 71 12 71 71 19 12 12 71 19 71 71 71 71 19 19 71 12 71 71 12 19 19 71 21 19 71 14 71 71 71 19 19 12 71 12 71 12 11 12 71 12 71 12 12 71
0 0 0 0 0 0 0 0 0 0 0 0 0 0 0 0 19 0 0 0 622 622 622 12 75 19 21 12 19 21 12 21 21 19 71 11 12 19 71 71 71 12 71 15 12 19 19 18 812 71 11 11 19 19 19 71 12 12 12 19 19 19 12 19 19 19 71 12 12 71 812 71 71 19 19 19 71 71 71 19 19 12 71 71 11 19 19 19 71 11 11 12 811 71 71 11
0 0 0 0 0 0 0 0 0 0 0 0 0 0 0 0 0 0 0 0 71 12 12 75 75 75 11 12 19 21 12 19 19 12 75 11 12 12 19 71 19 21 12 71 71 19 19 71 812 12 71 19 31 19 71 71 19 171 71 19 19 19 19 21 12 19 12 12 12 12 12 12 11 12 19 19 19 19 71 19 19 71 19 19 19 71 19 19 71 12 12 12 71 11 11 11
0 0 0 0 0 0 0 0 0 0 0 0 441 0 0 0 0 0 0 41 71 19 19 75 75 75 11 11 12 21 12 12 19 12 75 11 84 21 19 12 19 432 71 71 71 19 19 12 71 19 19 18 12 71 71 19 12 71 12 71 19 19 21 19 12 12 12 71 12 19 71 12 12 12 19 19 19 19 71 19 19 19 19 19 71 19 21 71 21 71 71 71 71 11 71 11
0 0 0 0 0 0 0 0 0 0 0 0 441 0 0 0 0 0 0 11 71 12 19 75 12 19 75 11 432 12 11 21 19 12 75 75 12 21 812 71 12 12 12 71 71 19 19 71 71 19 19 19 19 71 71 12 12 12 12 71 11 19 21 11 21 21 12 12 19 19 19 12 12 12 19 19 19 811 71 19 71 71 19 21 19 21 21 21 21 11 71 71 21 11 12 71
0 0 0 0 0 0 0 0 0 0 0 0 811 441 18 0 0 71 71 19 19 12 19 19 19 19 75 432 432 432 11 11 21 75 75 812 12 12 12 71 71 12 71 71 71 19 12 12 71 71 19 19 19 71 19 12 12 71 19 12 19 21 21 11 71 21 12 21 12 19 21 511 12 12 12 12 11 71 12 19 71 71 19 19 19 21 71 71 71 21 71 71 71 12 12 71
0 0 0 0 0 0 0 0 0 0 0 0 12 73 71 441 0 812 19 19 71 19 12 19 19 12 12 19 19 21 19 12 21 75 75 75 12 21 12 12 12 12 71 71 71 19 71 19 19 12 18 71 71 19 12 21 12 71 19 19 71 21 21 73 21 71 19 19 21 71 12 12 12 12 12 12 811 11 71 21 19 19 71 71 19 71 71 21 71 71 21 71 11 71 12 71
0 0 0 0 0 0 0 0 21 0 21 441 12 12 12 41 19 19 19 12 12 71 19 71 11 75 12 12 21 21 19 6121 21 75 75 75 12 12 12 19 19 12 12 71 19 19 71 71 18 12 19 71 71 19 21 21 12 71 12 21 19 21 21 71 21 71 21 21 71 71 812 102 73 12 12 21 12 11 12 71 71 19 14 71 71 19 19 19 21 71 12 21 11 71 71 71
0 0 0 0 0 0 0 0 12 12 71 71 11 75 75 75 75 71 71 71 71 12 19 73 11 19 19 432 19 21 19 19 12 75 19 19 19 12 12 19 19 12 12 71 12 19 812 19 71 71 812 71 12 19 12 12 12 71 12 71 21 12 21 12 12 21 21 21 21 21 12 71 11 71 12 101 12 71 19 71 12 71 19 71 71 21 19 19 21 12 21 71 71 73 12 71
0 0 0 0 0 0 0 0 12 21 12 11 11 11 71 12 19 19 71 21 19 12 12 75 75 75 71 19 19 21 21 12 21 12 12 12 12 12 19 19 19 12 12 71 19 71 71 19 812 12 71 71 12 171 21 12 12 71 71 71 21 82 21 21 71 21 12 21 21 21 12 12 12 71 11 12 12 11 19 19 71 811 71 19 71 19 71 71 12 71 21 71 71 21 12 71
0 0 0 0 0 0 0 0 12 12 12 11 11 71 71 11 19 19 71 19 19 75 75 19 19 19 12 19 432 12 21 19 12 12 12 12 21 12 21 12 19 19 19 12 19 71 71 71 71 19 71 19 19 21 21 12 12 11 71 71 12 12 21 21 12 71 71 12 21 21 12 102 12 102 12 12 12 12 71 71 71 21 19 12 21 71 71 71 12 11 71 71 11 71 11 71
0 0 0 0 0 0 0 0 12 19 12 12 11 19 19 12 19 71 71 19 12 75 75 12 19 21 432 432 71 12 21 12 21 19 12 71 12 21 21 19 71 19 812 19 12 12 12 12 71 19 14 171 19 19 19 12 12 71 71 19 12 12 19 19 12 71 73 73 11 21 71 71 102 102 102 102 102 12 19 11 19 21 21 19 19 71 71 71 11 71 71 71 21 71 19 71
0 0 21 0 0 0 0 441 21 19 19 21 19 19 71 71 71 19 12 19 12 19 73 19 432 12 14 11 12 19 812 12 12 71 19 19 19 19 19 71 19 19 71 71 71 71 12 72 21 12 71 171 25 19 19 19 12 71 11 19 19 12 19 19 12 71 71 21 12 12 71 71 11 11 102 102 102 12 12 12 19 19 19 21 71 12 71 12 71 71 12 19 19 71 19 21
0 0 21 441 0 0 0 19 19 19 19 19 19 19 19 19 71 19 19 19 19 19 19 171 14 12 12 14 71 12 83 12 12 12 12 11 19 21 12 71 71 71 19 19 19 19 19 11 12 14 21 25 25 71 12 12 12 71 71 19 19 21 71 11 11 71 71 71 71 21 71 71 71 11 102 102 102 12 12 19 19 19 71 811 19 21 21 71 71 21 12 19 811 71 71 82
0 0 0 21 21 21 71 21 811 19 19 19 19 19 19 19 19 19 71 71 19 19 71 12 12 12 12 21 11 12 12 12 11 11 12 12 12 21 71 11 21 71 19 71 19 71 71 19 71 71 71 71 512 71 11 71 75 71 811 71 11 11 21 14 71 12 12 71 71 12 71 71 71 71 11 102 102 102 102 19 19 11 19 19 19 12 12 19 71 21 21 71 71 71 71 19
0 0 0 0 71 71 71 19 71 71 19 19 21 19 19 19 19 19 19 19 19 19 19 12 12 19 19 21 19 12 12 12 21 21 12 171 71 18 71 71 12 12 71 71 19 71 71 71 71 19 12 25 25 19 19 71 75 71 71 71 11 14 11 21 21 21 71 71 71 21 71 71 71 71 71 19 19 19 11 11 19 19 73 19 432 21 11 19 19 19 71 71 11 19 19 19
