Data_GAL/uso_suelo_cellsize.asc
ncols        311
nrows        334
xllcorner    -14464.897400000133
yllcorner    4637275.749599999748
cellsize     666.000000000000
[rows 0 to 56 of 334, columns 192 to 287 of 311]
0 0 0 0 0 0 0 0 0 0 0 0 0 0 0 0 0 0 0 0 0 0 0 0 0 0 0 0 0 0 0 0 0 0 0 0 0 0 0 0 0 0 0 0 0 0 0 0 0 0 0 0 0 0 0 0 0 0 0 0 0 0 0 0 0 0 0 0 0 0 0 0 0 0 0 0 0 0 0 0 0 0 0 0 0 0 0 0 0 0 0 0 0 0 0 0
0 0 0 0 0 0 0 0 0 0 0 0 0 0 21 21 0 0 0 0 0 0 0 0 0 0 0 0 0 0 0 0 0 0 0 0 0 0 0 0 0 0 0 0 0 0 0 0 0 0 0 0 0 0 0 0 0 0 0 0 0 0 0 0 0 0 0 0 0 0 0 0 0 0 0 0 0 0 0 0 0 0 0 0 0 0 0 0 0 0 0 0 0 0 0 0
0 0 0 0 0 0 0 0 0 0 0 0 0 0 21 12 441 0 0 0 0 0 0 0 0 0 0 0 0 0 0 0 0 0 0 0 0 0 0 0 0 0 0 0 0 0 0 0 0 0 0 0 0 0 0 0 0 0 0 0 0 0 0 0 0 0 0 0 0 0 0 0 0 0 0 0 0 0 0 0 0 0 0 0 0 0 0 0 0 0 0 0 0 0 0 0
0 0 0 0 0 0 0 0 0 0 0 0 0 21 73 12 12 0 0 0 0 0 0 0 0 0 0 0 0 0 0 0 0 0 0 0 0 0 0 0 0 0 0 0 0 0 0 0 0 0 0 0 0 0 0 0 0 0 0 0 0 0 0 0 0 0 0 0 0 0 0 0 0 0 0 0 0 0 0 0 0 0 0 0 0 0 0 0 0 0 0 0 0 0 0 0
0 0 0 0 0 0 0 0 0 0 0 21 21 19 19 0 0 0 0 0 0 0 0 0 0 0 0 0 0 0 0 0 0 0 0 0 0 0 0 0 0 0 0 0 0 0 0 0 0 0 0 0 0 0 0 0 0 0 0 0 0 0 0 0 0 0 0 0 0 0 0 0 0 0 0 0 0 0 0 0 0 0 0 0 0 0 0 0 0 0 0 0 0 0 0 0
0 0 0 0 0 0 0 0 0 0 21 21 21 19 19 0 0 0 0 0 0 0 0 0 0 0 0 0 0 0 0 0 0 0 0 0 0 0 0 0 0 0 0 0 0 0 0 0 0 0 0 0 0 0 0 0 0 0 0 0 0 0 0 0 0 0 0 0 0 0 0 0 0 0 0 0 0 0 0 0 0 0 0 0 0 0 0 0 0 0 0 0 0 0 0 0
0 0 0 0 0 0 0 0 0 0 82 21 19 73 0 0 0 0 0 0 442 0 0 0 0 0 0 0 0 0 0 0 0 0 0 0 0 0 0 0 0 0 0 0 0 0 0 0 0 0 0 0 0 0 0 0 0 0 0 0 0 0 0 0 0 0 0 0 0 0 0 0 0 0 0 0 0 0 0 0 0 0 0 0 0 0 0 0 0 0 0 0 0 0 0 0
0 0 0 0 0 0 0 0 19 11 19 82 19 0 0 0 0 0 0 21 0 0 0 0 0 0 0 0 0 0 0 0 0 0 0 0 0 0 0 0 0 0 0 0 0 0 0 0 0 0 0 0 0 0 0 0 0 0 0 0 0 0 0 0 0 0 0 0 0 0 0 0 0 0 0 0 0 0 0 0 0 0 0 0 0 0 0 0 0 0 0 0 0 0 0 0
0 0 0 0 0 21 73 73 19 19 19 19 19 19 0 12 12 12 12 12 441 0 0 0 0 0 0 0 0 0 0 0 0 0 0 0 0 0 0 0 0 0 0 0 0 0 0 0 0 0 0 0 0 0 0 0 0 0 0 0 0 0 0 0 0 0 0 0 0 0 0 0 0 0 0 0 0 0 0 0 0 0 0 0 0 0 0 0 0 0 0 0 0 0 0 0
441 441 0 21 12 73 73 19 11 19 19 812 0 0 0 75 21 75 12 11 0 0 0 0 0 0 0 0 0 0 0 0 0 0 0 0 0 0 0 0 0 0 0 0 0 0 0 0 0 0 0 0 0 0 0 0 0 0 0 0 0 0 0 0 0 0 0 0 0 0 0 0 0 0 0 0 0 0 0 0 0 0 0 0 0 0 0 0 0 0 0 0 0 0 0 0
0 73 12 12 73 73 73 19 19 19 19 19 11 0 0 812 75 12 12 12 0 0 0 0 0 0 0 0 0 0 0 0 0 0 0 0 0 0 0 0 0 0 0 0 0 0 0 0 0 0 0 0 0 0 0 0 0 0 0 0 0 0 0 0 0 0 0 0 0 0 0 0 0 0 0 0 0 0 0 0 0 0 0 0 0 0 0 0 0 0 0 0 0 0 0 0
12 73 12 12 12 73 73 19 19 19 19 19 622 12 12 12 12 12 12 73 21 0 0 0 0 0 0 0 0 0 0 441 441 21 0 0 0 0 0 0 0 0 0 0 0 0 0 0 0 0 0 0 0 0 0 0 0 0 0 0 0 0 0 0 0 0 0 0 0 0 0 0 0 0 0 0 0 0 0 0 0 0 0 0 0 0 0 0 0 0 0 0 0 0 0 0
12 73 12 12 12 12 12 12 12 11 12 73 622 12 12 12 12 12 12 73 41 0 0 0 0 0 0 0 0 0 73 12 74 12 0 0 0 0 0 0 0 0 0 0 0 0 0 0 0 0 0 0 0 0 0 0 0 0 0 0 0 0 0 0 0 0 0 0 0 0 0 0 0 0 0 0 0 0 0 0 0 0 0 0 0 0 0 0 0 0 0 0 0 0 0 0
12 12 12 73 73 12 12 12 12 19 12 71 622 19 12 19 19 12 12 12 73 12 0 0 0 0 0 0 0 0 12 12 12 12 0 12 12 74 21 21 0 0 0 0 0 0 0 0 0 0 0 0 0 0 0 0 0 0 0 0 0 0 0 0 0 0 0 0 0 0 0 0 0 0 0 0 0 0 0 0 0 0 0 0 0 0 0 0 0 0 0 0 0 0 0 0
12 19 12 12 12 12 11 12 21 19 71 622 12 19 19 19 12 12 12 12 73 12 12 0 0 0 441 0 0 73 12 12 74 74 12 12 12 12 74 0 0 0 0 0 0 0 0 0 0 0 0 0 0 0 0 0 0 0 0 0 0 0 0 0 0 0 0 0 0 0 0 0 0 0 0 0 0 0 0 0 0 0 0 0 0 0 0 0 0 0 0 0 0 0 0 0
19 12 12 12 12 21 82 12 19 19 71 19 73 12 21 73 12 25 12 12 12 73 0 0 0 0 12 12 12 12 73 12 74 12 12 12 82 82 21 0 0 0 0 0 0 0 0 0 0 0 0 0 0 0 0 0 0 0 0 0 0 0 0 0 0 0 0 0 0 0 0 0 0 0 0 0 0 0 0 0 0 0 0 0 0 0 0 0 0 0 0 0 0 0 0 0
73 12 12 12 21 21 11 12 21 19 19 19 19 12 12 21 19 19 73 12 12 12 41 0 0 0 73 12 12 12 12 12 12 12 12 12 12 12 12 0 82 0 0 0 0 0 0 0 0 0 0 0 0 0 0 0 0 0 0 0 0 0 0 0 0 0 0 0 0 0 0 0 0 0 0 0 0 0 0 0 0 0 0 0 0 0 0 0 0 0 0 0 0 0 0 0
11 19 73 12 21 11 11 12 19 19 19 19 12 12 12 21 12 73 12 12 12 73 12 0 0 0 0 75 12 12 12 12 12 12 74 74 12 74 21 82 82 0 0 811 0 0 0 0 0 0 0 0 0 0 0 0 0 0 0 0 0 0 0 0 0 0 0 0 0 0 0 0 0 0 0 0 0 0 0 0 0 0 0 0 0 0 0 0 0 0 0 0 0 0 0 0
19 19 19 73 12 12 101 21 19 11 21 19 73 12 73 21 21 73 12 12 11 73 0 0 0 0 12 12 12 12 73 12 11 74 12 12 12 74 12 12 12 811 811 73 0 0 0 0 0 0 0 0 0 0 0 0 0 0 0 0 0 0 0 0 0 0 0 0 0 0 0 0 0 0 0 0 0 0 0 0 0 0 0 0 0 0 0 0 0 0 0 0 0 0 0 0
19 73 12 12 73 19 21 11 73 19 11 73 73 12 12 12 21 12 12 12 12 12 0 0 73 12 12 12 12 12 12 12 12 12 812 74 12 101 74 12 12 12 12 12 83 21 21 0 0 0 0 0 0 0 0 0 0 0 0 0 0 0 0 0 0 0 0 0 0 0 0 0 0 0 0 0 0 0 0 0 0 0 0 0 0 0 0 0 0 0 0 0 0 0 0 0
73 73 12 11 19 19 21 73 73 19 11 11 73 73 12 73 73 12 12 12 12 12 0 0 812 812 12 12 12 12 12 12 11 12 12 12 74 12 12 12 12 74 12 812 12 12 12 0 0 0 0 0 0 0 0 0 0 0 0 0 0 0 0 0 0 0 0 0 0 0 0 0 0 0 0 0 0 0 0 0 0 0 0 0 0 0 0 0 0 0 0 0 0 0 0 0
12 12 12 19 74 11 21 19 19 12 12 11 12 73 12 73 11 73 12 12 12 75 811 811 811 12 12 12 12 82 12 12 12 12 12 74 74 12 12 12 12 12 6122 12 74 12 12 12 12 21 0 0 0 0 0 0 0 0 0 0 0 0 0 0 0 0 0 0 0 0 0 0 0 0 0 0 0 0 0 0 0 0 0 0 0 0 0 0 0 0 0 0 0 0 0 0
12 11 12 11 19 12 12 19 19 19 74 12 12 12 11 11 71 21 14 12 12 75 12 611 811 12 12 12 12 12 12 12 12 12 74 74 12 12 12 12 12 12 71 12 74 12 812 12 74 12 12 73 0 0 0 0 0 0 0 0 0 0 0 0 0 0 0 0 0 0 0 0 0 0 0 0 0 0 0 0 0 0 0 0 0 0 0 0 0 0 0 0 0 0 0 0
12 21 11 74 12 12 12 19 74 12 19 12 14 12 12 21 21 12 73 21 12 12 611 811 12 12 12 12 12 12 12 31 12 12 12 74 12 12 12 12 12 12 71 12 12 12 12 12 12 12 12 812 811 0 0 0 0 0 0 0 0 0 0 0 0 0 0 0 0 0 0 0 0 0 0 0 0 0 0 0 0 0 0 0 0 0 0 0 0 0 0 0 0 0 0 0
12 21 11 11 12 12 19 19 19 21 21 19 12 12 74 862 12 12 12 12 12 75 521 75 12 12 12 12 12 12 12 12 12 74 12 74 12 12 12 12 12 12 12 12 12 71 12 12 12 12 12 12 811 0 0 0 0 0 0 0 0 0 0 0 0 0 0 0 0 0 0 0 0 0 0 0 0 0 0 0 0 0 0 0 0 0 0 0 0 0 0 0 0 0 0 0
12 19 12 101 12 18 73 73 11 12 74 21 12 12 12 19 21 21 12 12 12 75 12 75 12 12 12 12 101 21 12 12 12 12 12 12 12 71 12 12 71 12 12 12 12 12 12 12 12 12 87 19 75 0 0 0 0 0 0 0 0 0 0 0 0 0 0 0 0 0 0 0 0 0 0 0 0 0 0 0 0 0 0 0 0 0 0 0 0 0 0 0 0 0 0 0
12 19 19 19 12 19 19 74 11 12 12 21 12 12 74 18 11 12 12 12 12 12 75 12 12 73 12 12 12 12 73 21 12 12 12 12 12 12 12 12 12 12 12 12 12 12 12 75 71 19 82 19 19 12 0 0 0 0 0 0 0 0 0 0 0 0 0 0 0 0 0 0 0 0 0 0 0 0 0 0 0 0 0 0 0 0 0 0 0 0 0 0 0 0 0 0
19 74 19 19 11 11 74 171 12 12 21 73 74 74 73 21 12 12 19 75 75 75 75 12 12 12 73 73 73 73 21 21 31 12 71 71 12 12 12 12 12 12 11 12 12 12 75 12 19 19 12 12 19 19 0 0 0 0 0 0 0 0 0 0 0 0 0 0 0 0 0 0 0 0 0 0 0 0 0 0 0 0 0 0 0 0 0 0 0 0 0 0 0 0 0 0
74 21 11 12 11 19 11 12 12 73 12 74 12 101 19 12 19 19 19 12 75 12 75 75 12 12 12 12 12 12 12 21 21 12 12 21 12 12 12 12 12 12 21 12 12 12 12 19 19 12 12 12 12 12 12 0 0 0 0 0 0 0 0 0 0 0 0 0 0 0 0 0 0 0 0 0 0 0 0 0 0 0 0 0 0 0 0 0 0 0 0 0 0 0 0 0
11 21 11 74 74 11 19 12 19 21 21 73 19 19 19 21 19 19 75 12 12 12 12 12 75 75 12 12 12 101 21 21 73 12 12 71 12 12 12 12 12 21 11 12 12 12 75 12 12 101 12 12 12 12 12 0 0 0 0 0 0 0 0 0 0 0 0 0 0 0 0 0 0 0 0 0 0 0 0 0 0 0 0 0 0 0 0 0 0 0 0 0 0 0 0 0
74 11 101 11 74 11 11 11 12 12 19 74 12 19 12 21 19 12 12 12 12 12 12 14 75 75 75 12 12 11 12 12 12 12 12 12 11 12 12 12 21 73 12 72 75 75 12 12 12 12 12 12 12 12 75 75 71 0 0 0 0 0 0 0 0 0 0 0 0 0 0 0 0 0 0 0 0 0 0 0 0 0 0 0 0 0 0 0 0 0 0 0 0 0 0 0
11 12 12 12 74 74 21 14 11 12 12 19 12 12 12 12 12 12 12 12 11 11 12 19 75 75 19 19 19 11 12 12 73 12 12 21 21 12 12 11 12 19 19 19 19 75 12 12 12 12 12 12 12 12 75 75 75 71 0 0 0 0 0 0 0 0 0 0 0 0 0 0 0 0 0 0 0 0 0 0 0 0 0 0 0 0 0 0 0 0 0 0 0 0 0 0
21 21 21 12 11 11 21 21 12 74 12 19 21 11 12 12 73 12 12 12 11 11 12 14 19 19 19 73 19 71 12 31 73 12 73 73 73 12 12 12 21 11 19 19 12 12 12 12 12 12 12 12 12 75 19 19 75 71 0 0 0 0 0 0 0 0 0 0 0 0 0 0 0 0 0 0 0 0 0 0 0 0 0 0 0 0 0 0 0 0 0 0 0 0 0 0
21 21 21 171 74 11 21 21 11 12 21 101 862 12 11 12 12 12 12 12 101 12 12 73 73 19 12 19 19 19 21 31 12 12 12 73 11 12 12 12 21 12 12 12 12 12 21 12 12 12 19 19 12 75 12 19 19 71 41 0 0 0 0 0 0 0 0 0 0 0 0 0 0 0 0 0 0 0 0 0 0 0 0 0 0 0 0 0 0 0 0 0 0 0 0 0
12 12 25 74 74 74 21 73 11 11 101 21 11 12 12 12 12 12 12 75 12 73 12 12 12 12 12 73 12 12 101 11 12 12 73 21 21 12 12 12 12 12 12 12 12 12 21 21 12 19 19 12 75 12 12 12 12 12 12 71 0 0 0 0 0 0 0 0 0 0 0 0 0 0 0 0 0 0 0 0 0 0 0 0 0 0 0 0 0 0 0 0 0 0 0 0
11 11 74 11 11 11 11 11 11 11 21 12 12 19 12 12 12 73 12 75 12 14 12 73 12 12 73 21 21 12 73 11 73 73 21 73 21 12 21 21 12 12 12 12 12 21 19 12 12 12 12 12 12 12 12 12 12 12 71 71 0 0 0 0 0 0 0 0 0 0 0 0 0 0 0 0 0 0 0 0 0 0 0 0 0 0 0 0 0 0 0 0 0 0 0 0
18 18 11 11 21 21 21 11 11 11 21 21 11 12 12 12 12 12 12 12 12 73 19 12 12 11 19 19 101 12 12 12 12 12 12 21 21 21 21 21 21 21 21 19 19 12 12 12 12 12 71 12 12 19 12 12 12 71 521 71 75 0 0 0 0 0 0 0 0 0 0 0 0 0 0 0 0 0 0 0 0 0 0 0 0 0 0 0 0 0 0 0 0 0 0 0
18 18 12 74 11 11 21 12 21 11 11 21 12 12 12 21 12 12 12 12 12 19 11 12 12 19 19 19 12 12 12 11 101 71 12 21 21 21 21 862 12 12 12 12 12 12 12 75 12 71 12 12 82 19 71 12 12 12 12 12 71 75 75 0 0 0 0 0 0 0 0 0 0 0 0 0 0 0 0 0 0 0 0 0 0 0 0 0 0 0 0 0 0 0 0 0
18 73 11 11 14 21 21 11 11 11 21 21 74 11 11 21 12 75 12 12 12 12 73 73 19 73 12 12 12 12 12 12 11 21 21 12 12 21 12 12 12 12 12 12 12 12 71 71 12 12 12 12 19 19 12 12 12 11 12 12 12 75 75 75 0 0 0 0 0 0 0 0 0 0 0 0 0 0 0 0 0 0 0 0 0 0 0 0 0 0 0 0 0 0 0 0
11 74 11 11 11 11 11 11 21 11 21 12 11 11 21 21 12 12 75 12 12 75 12 12 12 12 12 12 12 12 19 12 12 19 12 12 12 12 12 12 71 12 71 12 12 12 12 12 12 12 71 12 12 12 12 12 12 12 19 12 12 12 75 811 75 811 0 0 0 0 0 0 0 0 0 0 0 0 0 0 0 0 0 0 0 0 0 0 0 0 0 0 0 0 0 0
18 11 11 14 21 11 11 11 21 21 21 12 12 21 21 12 861 75 19 19 19 19 12 12 12 12 21 21 21 21 21 12 12 19 19 11 12 12 12 71 12 71 12 71 71 71 12 12 12 12 19 12 12 12 12 12 12 19 19 19 12 75 75 75 811 0 0 0 0 0 0 0 0 0 0 0 0 0 0 0 0 0 0 0 0 0 0 0 0 0 0 0 0 0 0 0
74 11 11 21 11 21 11 21 21 21 21 12 12 21 12 11 11 12 19 19 75 12 12 19 12 12 12 21 21 12 12 12 21 12 21 12 12 12 12 19 12 812 12 71 71 71 71 19 19 71 71 12 75 12 12 12 12 12 75 75 75 75 75 75 0 0 812 75 41 0 0 0 0 0 0 0 0 0 0 0 0 0 0 0 0 0 0 0 0 0 0 0 0 0 0 0
11 21 21 12 11 21 11 11 21 11 21 21 12 21 73 12 12 12 19 11 71 12 12 19 19 21 21 11 21 12 12 12 12 21 21 21 12 12 101 19 71 812 12 812 19 19 19 19 71 12 12 71 75 75 82 75 75 12 19 75 75 75 75 12 71 0 75 75 75 75 75 75 75 75 0 0 0 0 0 0 0 0 0 0 0 0 0 0 0 0 0 0 0 0 0 0
11 11 21 11 11 21 21 12 11 11 12 12 11 101 21 12 12 11 73 11 12 12 12 12 19 19 12 12 11 21 12 12 21 21 21 12 12 12 12 71 71 71 71 19 19 19 19 71 14 12 12 12 75 75 75 19 75 75 19 75 75 75 75 622 0 12 82 19 75 75 75 75 75 75 75 75 0 75 75 75 0 75 811 75 0 441 0 441 75 0 0 0 0 0 0 0
11 21 21 12 11 11 21 21 21 11 12 73 21 21 21 73 12 71 11 18 11 74 12 11 12 21 21 21 21 21 21 21 21 21 24 24 19 19 71 71 71 19 19 71 19 19 71 812 71 12 12 12 12 19 12 75 12 12 19 19 75 75 861 622 12 75 75 75 12 75 75 75 75 75 75 75 75 75 75 75 75 75 75 12 75 75 75 75 75 12 75 0 0 0 0 0
19 21 12 74 11 11 21 11 11 21 11 12 21 11 11 12 75 11 19 21 21 12 19 75 12 12 11 21 21 21 21 21 73 21 11 72 19 19 11 19 71 19 71 71 12 71 71 71 71 12 12 19 19 12 19 12 12 12 12 19 75 75 12 82 71 71 71 71 12 12 12 71 71 12 12 12 12 75 75 75 75 75 75 75 75 75 75 75 75 75 75 0 0 0 0 0
21 21 11 74 11 21 21 11 74 11 11 11 11 11 11 74 21 11 171 73 21 11 73 21 11 21 21 21 21 21 21 21 11 21 21 12 12 19 71 19 19 71 11 71 71 71 71 19 19 19 19 12 19 19 71 71 12 12 12 12 19 19 71 12 12 19 19 19 19 12 12 12 12 12 12 12 12 12 12 12 19 19 75 75 75 75 12 75 75 75 811 0 0 0 0 0
21 21 11 73 21 12 21 21 11 11 11 73 21 11 21 21 21 71 21 73 11 19 12 12 21 21 21 21 21 21 21 31 21 11 21 12 12 31 12 71 19 11 71 12 12 71 71 71 19 19 19 19 19 12 19 19 21 19 12 19 19 12 71 861 12 12 19 12 19 12 71 19 12 21 21 71 12 12 12 12 12 19 19 861 12 75 12 75 75 75 811 0 0 0 0 0
11 11 21 21 21 73 21 21 12 11 11 11 21 71 71 21 73 19 21 73 21 21 21 73 11 21 21 21 21 21 862 21 14 11 12 12 12 12 12 12 71 12 12 19 12 12 71 71 12 19 19 19 71 12 19 101 19 19 12 12 19 71 71 12 19 19 12 12 19 19 19 19 12 21 21 71 71 71 21 12 11 12 19 19 12 101 12 75 75 622 622 0 0 0 0 0
862 21 21 21 21 21 11 21 12 11 11 12 73 73 73 11 21 73 19 21 11 21 73 21 21 21 21 21 21 21 21 21 21 14 12 12 12 12 12 71 12 12 12 19 12 71 19 12 71 12 12 12 71 71 19 12 19 19 12 12 12 71 12 19 19 12 19 19 19 19 12 71 71 71 21 21 12 12 12 12 12 12 12 12 71 12 71 12 75 622 0 0 0 0 0 0
12 11 12 21 21 21 21 21 11 11 12 12 73 73 21 21 21 21 25 74 11 21 73 21 21 21 21 862 21 21 21 21 21 21 12 71 12 12 12 72 11 12 12 12 12 12 19 19 19 12 12 12 12 12 12 71 12 19 12 12 19 19 12 19 19 71 12 12 12 12 71 71 71 12 11 12 12 12 12 12 12 71 12 12 12 12 71 12 71 622 0 0 0 0 0 0
12 12 12 19 21 21 73 21 21 12 12 71 73 74 171 21 21 21 74 171 21 21 11 21 12 21 21 21 21 31 21 21 11 12 73 12 12 12 12 12 71 12 12 21 73 12 12 19 18 12 73 71 12 12 12 12 12 71 12 12 19 19 12 12 71 71 71 71 19 12 19 19 71 14 12 12 12 12 12 12 12 71 12 71 12 71 12 12 11 0 0 0 0 0 0 0
21 21 171 14 74 11 74 11 21 21 21 12 73 74 21 21 11 21 171 171 25 21 21 12 12 21 11 21 21 21 21 12 12 12 12 12 12 12 12 12 11 12 12 12 21 12 19 12 12 12 12 12 12 12 12 11 12 12 12 12 19 71 12 71 12 71 71 71 12 71 71 12 12 12 12 12 71 12 12 71 12 12 71 12 12 12 71 12 622 0 0 0 0 0 0 0
12 11 171 21 74 21 74 74 74 21 21 861 21 21 73 21 11 74 74 171 11 21 12 12 21 21 21 11 443 21 11 74 12 73 12 12 12 12 12 12 73 11 12 12 12 12 21 12 12 73 12 12 12 12 12 11 12 71 12 87 12 12 71 12 71 12 12 12 71 71 71 12 12 71 71 12 71 12 14 71 71 71 12 12 12 12 71 71 622 0 0 0 0 0 0 0
11 74 21 11 21 11 812 74 11 74 74 21 73 73 73 21 21 74 73 73 25 21 12 103 12 21 21 21 21 21 11 21 21 12 21 12 73 11 12 12 12 12 12 12 12 73 12 12 12 12 73 12 12 19 19 71 87 71 71 12 12 12 12 71 12 71 71 12 71 12 12 12 12 71 12 12 12 12 71 71 71 71 12 12 12 101 622 12 622 0 0 0 0 0 0 0
11 11 73 11 11 11 14 11 74 74 74 171 73 11 21 21 21 74 11 12 11 21 21 12 21 21 21 21 21 73 21 21 21 21 21 12 12 12 12 73 73 21 12 11 12 12 73 12 12 12 19 19 19 19 71 12 12 71 811 71 73 12 12 12 71 71 12 71 71 12 12 12 12 12 12 12 12 12 12 12 12 12 12 12 71 71 71 71 622 0 0 0 0 0 0 0
21 21 73 21 21 74 11 11 14 12 11 21 171 21 21 11 21 171 73 12 12 21 12 21 21 21 21 21 21 21 21 21 21 21 11 12 12 21 21 21 12 12 12 12 11 11 12 19 19 12 19 19 71 71 12 71 12 71 811 12 12 71 12 12 19 19 19 71 71 12 12 12 12 71 12 12 12 12 12 12 12 12 12 12 12 71 71 71 521 0 0 0 0 0 0 0
