Data/Validationagain_2012/aspect.asc
ncols         498
nrows         462
xllcorner     630394.26190114
yllcorner     6366264.2135407
cellsize      200
NODATA_value  -9999
[rows 180 to 209 of 462, columns 204 to 271 of 498]
336.0375 312.614 353.6598 36.8699 356.1859 329.0363 338.1986 354.8056 2.489552 345.9637 346.4296 345.4655 323.9726 354.0939 357.5104 342.1213 37.72499 36.70285 316.9749 347.7352 14.53445 278.6157 331.8584 45 302.1957 279.7824 334.179 351.8699 335.556 311.8202 303.6901 310.0302 332.354 342.8973 342.8973 331.6992 330.9454 341.5651 343.8108 347.2756 352.1467 355.8151 334.9831 322.3524 333.4349 335.8545 340.3462 349.6952 326.7683 312.7094 319.9697 296.5651 287.1027 307.875 337.3801 3.814074 0 2.290609 327.9946 315 348.6901 274.2364 258.2749 243.435 294.7751 93.36646 99.52002 96.95296
328.4957 327.9946 1.974933 6.340191 343.3008 330.9454 329.0363 344.0546 1.735704 349.3803 345.4655 0 321.3402 329.7436 0 354.8056 68.55226 30.37913 310.0302 324.211 69.44395 217.875 265.6749 47.64254 347.2288 290.1196 306.2538 339.4439 341.5651 324.4623 293.1986 285.2551 304.3803 334.9831 330.2551 315 315 333.4349 351.3843 347.9052 352.9987 6.340191 349.7778 330.1541 332.1027 338.7495 353.6598 7.125016 349.2869 319.7636 315 281.3099 267.7094 265.2364 278.9726 334.9831 0 30.06858 333.4349 315 354.2894 284.0363 251.565 238.3925 261.8699 66.61478 58.91688 62.47477
332.9279 344.2488 349.2157 8.130101 5.194428 301.7595 304.2869 330.7086 354.8056 345.4655 355.9144 4.398705 331.3895 315 30.96376 26.56505 42.06433 11.68937 315 308.991 65.55605 5.440331 281.0138 12.26477 5.04245 301.6755 293.7495 327.8043 344.4759 354.2894 337.3801 317.3373 316.5482 335.556 336.0375 318.1798 305.5377 315 5.194428 326.3099 327.8043 354.3517 357.7542 345.4655 331.6992 327.0948 8.746161 15.9454 348.1113 341.5651 353.6598 341.5651 296.5651 258.6901 239.0362 250.0169 315 3.179829 347.0054 340.3462 355.156 349.1145 330.9454 282.9946 270 11.30993 53.38325 68.19859
344.7449 352.875 345.6507 16.69924 29.0546 325.008 278.1301 300.4655 341.5651 329.7436 0 8.746161 348.6901 336.8014 41.82017 356.1859 338.1986 39.80557 318.6914 306.7029 52.53944 350.2176 301.8094 201.8014 169.6952 212.9052 259.992 299.0546 334.0256 345.4655 335.556 331.1134 330.5241 336.5014 338.9625 326.3099 319.3987 333.4349 23.19859 315 300.9637 325.7843 359.0608 17.65012 332.354 315 6.842772 1.84761 336.8014 339.7751 354.8056 3.814074 353.991 339.2278 329.0363 295.71 297.3499 325.8855 339.9048 334.6538 343.3008 2.72631 6.340191 333.4349 284.0363 209.0546 111.7054 88.5312
326.8887 343.6105 351.0274 14.74356 19.88516 22.0679 280.3048 282.3391 327.875 326.3099 2.202597 20.69545 0 338.9625 10.0975 11.97613 324.7824 52.69605 332.7447 280.8855 56.97613 329.7436 336.8014 68.62938 276.3402 326.8887 287.7004 272.0454 299.0546 322.125 323.1301 317.386 316.7899 330.7086 328.3245 319.9697 321.3402 337.6199 23.96249 321.3402 261.2538 248.6294 187.125 113.1986 248.1986 278.7462 330.9454 349.3803 341.5651 327.5288 333.4349 353.991 355.6013 357.7974 350.5377 335.556 320.9061 303.6901 291.8014 270 270 341.5651 0 351.8699 319.3987 0 61.83747 28.42599
302.7352 326.3099 354.8056 6.340191 19.35899 34.69515 326.6894 283.1092 293.9625 317.7263 10.30485 30.52971 350.1342 328.4486 359.1186 34.79602 25.70995 28.61046 5.527539 288.4349 117.8973 243.435 300.5792 29.93151 342.7585 329.6764 345.9637 283.7816 274.7636 277.125 291.8014 299.0546 299.0546 321.5198 324.211 315 315 315 45 45 255.9638 245.556 182.2906 138.3665 255.2564 265.9144 264.8056 285.9454 329.0363 315 296.5651 305.5377 331.9275 356.0091 354.8056 341.5651 334.29 330.2551 315 282.5288 295.3462 324.4623 327.5288 341.5651 330.5241 338.4986 21.40518 0
311.9872 330.9454 4.085616 351.8699 33.23171 22.38013 341.5651 296.0296 268.3153 276.3402 18.43495 27.25533 338.1986 316.8476 347.7352 68.38522 61.50436 336.2505 357.3974 0 76.60751 262.875 277.5946 16.82141 353.0888 335.556 3.503531 321.9529 307.5042 311.4237 322.125 323.8806 302.3196 304.8753 299.4759 281.3099 270 270 71.56505 45 296.5651 246.8014 180 180 261.8699 259.6952 225 216.8699 225 251.565 270 270 276.3402 309.8056 356.1859 341.5651 315 315 327.9946 319.0856 326.9761 343.0725 335.2249 338.1986 340.3462 317.4896 340.3879 28.39302
310.2364 333.4349 23.96249 329.0363 17.44719 20.22486 334.179 327.2648 282.5288 274.1446 351.8699 15.25512 331.3895 308.2902 18.43495 90 57.52881 325.4915 335.7722 6.842772 45.95484 332.9279 278.9017 302.0054 339.6768 345.5792 1.636576 340.4077 324.6888 322.125 310.6013 308.991 284.3493 287.2415 297.8973 288.4349 270 270 45 18.43495 341.5651 270 180 251.565 261.8699 242.1027 243.435 259.992 260.5377 275.1944 296.5651 279.4623 265.9144 255.9638 284.0363 341.5651 8.130101 322.5946 318.4682 324.8658 333.0605 342.5973 339.6236 339.4439 349.439 321.7662 316.8476 85.79464
326.3099 352.875 24.77514 325.7843 344.4759 28.61046 342.4744 330.124 325.6197 304.1145 353.6598 4.763641 335.8545 334.7989 19.53665 66.31791 26.56505 307.1467 323.6157 346.4296 20.95578 8.972626 318.3665 303.4654 323.1301 337.6199 13.73627 343.4429 319.5739 315 261.8699 229.7636 246.4477 263.3675 296.5651 315 296.5651 288.4349 -1 -1 -1 -1 315 296.5651 281.3099 281.3099 303.6901 326.3099 315 300.9637 320.1944 325.3048 311.8202 304.992 319.2364 341.5651 4.085616 344.1975 318.2397 323.8204 336.8014 340.0169 339.4439 342.646 347.125 322.0165 325.4915 55.00798
340.2777 4.96974 15.25512 341.5651 334.0935 25.97439 350.1342 318.5763 331.8584 294.6768 322.5946 349.8245 335.0952 345.9637 15.57254 47.91084 25.01689 311.8202 313.5679 327.3808 357.5805 18.43495 351.6743 316.023 321.3402 330.2551 30.96376 15.9454 273.8141 315 285.9454 251.565 263.991 263.6598 243.435 251.565 270 270 -1 -1 -1 315 315 315 315 315 305.5377 315 324.4623 315 323.1301 336.8014 335.556 311.1859 315 333.4349 2.290609 347.8286 311.6335 310.7636 334.359 338.9625 321.1702 332.7004 341.131 328.815 329.2645 34.9194
323.9726 16.92751 12.09476 338.7495 344.4759 27.34987 333.4349 312.7542 0 341.5651 255.4655 282.0948 301.7595 330.7086 30.17352 53.91493 17.85032 338.5523 309.9576 300.0686 320.1944 19.35899 9.865807 310.4261 275.1944 278.1301 82.87498 101.3099 240.2551 251.565 263.6598 296.5651 287.4472 259.2869 221.9872 238.2405 264.8056 305.5377 353.6598 354.8056 355.6013 341.5651 336.8014 326.3099 315 324.4623 315 293.1986 306.8699 315 324.4623 338.9625 336.0375 317.7263 312.4552 330.2551 358.6678 346.2637 310.8151 294.1455 316.9749 343.1786 318.9005 316.2189 327.6804 322.9072 303.1113 97.94347
321.3402 0 5.527539 329.0363 347.2756 14.03624 329.7436 309.8056 356.1859 21.61478 336.8014 297.7585 283.3925 278.6157 27.47443 42.61406 8.972626 353.6598 344.4759 275.1944 225 270 12.99462 11.30993 284.0363 225 131.8202 122.0054 278.9726 300.9637 329.0363 320.4403 296.5651 255.2564 260.5377 274.0856 284.0363 304.6952 344.0546 347.4712 349.6952 349.6952 353.6598 333.4349 315 333.4349 345.9637 315 299.0546 300.0686 326.3099 339.5672 334.1336 331.8868 329.3003 336.8014 354.2894 351.6071 330.7512 307.4054 315 337.5206 330.2551 315 316.5911 330.2551 315 67.30621
334.7989 347.4712 0 343.3008 346.7595 348.6901 337.3801 315 298.6105 16.38954 1.218874 321.9112 310.7636 294.1455 318.8141 36.11934 22.52057 353.2902 23.19859 15.9454 296.5651 289.29 356.1859 59.03624 288.4349 153.435 113.1986 0 300.9637 288.4349 300.9637 311.6335 341.5651 295.0169 284.9314 287.2415 280.008 280.008 307.875 326.3099 334.9831 352.875 356.6335 336.0375 318.5763 336.8014 333.4349 327.875 329.5345 297.0721 308.4802 325.008 316.3019 321.0724 333.8861 334.5367 342.4076 352.2348 334.44 315 316.2189 326.3099 321.8428 309.6442 310.0302 334.29 335.556 29.29136
319.7636 338.7495 354.2894 353.991 345.2564 332.354 340.2011 358.8767 333.4349 334.6538 8.471144 338.7495 318.4682 334.6538 331.3895 45 64.29005 45 45 1.974933 330.9454 300.9637 159.444 135 215.5377 345.9637 13.3925 341.5651 329.0363 300.9637 293.1986 312.1376 0 330.9454 293.6294 299.9315 305.5377 285.9454 284.0363 310.6013 333.4349 347.4712 349.6952 344.7449 326.3099 345.9637 322.5946 319.1849 349.5085 321.9529 306.6341 306.573 298.8557 303.959 329.0363 340.0169 340.0169 349.1597 335.9245 308.7965 313.4926 334.7989 325.3048 319.9697 311.5664 326.3099 345.9637 341.5651
326.3099 330.0685 350.5377 351.8699 345.3791 332.9279 329.0363 359.0608 1.005085 327.9946 3.12213 3.2397 320.5275 329.7436 22.38013 95.19443 115.821 149.0362 248.9625 296.5651 270 164.7449 135 0 325.008 333.4349 355.9144 351.8699 348.6901 315 296.5651 300.9637 341.5651 329.7436 315 316.4688 333.4349 323.1301 282.3808 293.4986 330.0685 343.6105 337.6199 347.4712 333.4349 339.4439 323.7462 296.0296 320.9061 331.8584 323.427 304.5085 293.459 295.71 315 334.5367 340.1148 344.3578 345.3791 308.991 307.6942 335.3764 327.9074 324.4623 317.7927 332.1027 345.9637 323.1301
345.2564 325.3048 333.4349 348.1113 339.7751 330.2551 321.7098 343.4429 10.30485 331.5044 352.5686 34.99202 315 212.4712 140.7106 127.1467 121.7595 78.69007 273.0128 245.556 180 303.6901 0 341.5651 327.8043 337.3801 337.8336 353.6598 14.03624 329.0363 296.5651 315 335.8545 325.3048 317.5448 324.211 347.4712 348.6901 316.4688 302.1957 325.4915 351.8699 326.3099 334.9831 343.6105 334.9831 330.2551 303.6901 298.1416 321.3402 336.0375 320.3558 298.0092 285.8025 290.8545 311.1859 333.4349 339.4439 343.8108 313.4518 307.4054 321.0724 327.9946 336.0375 325.008 332.354 347.0054 338.9625
0 324.4623 322.5946 354.8056 333.4349 315 315 315 357.5104 345.0686 18.43495 71.56505 116.565 161.565 141.1155 137.2906 210.9638 347.0054 318.3665 336.0375 3.36646 312.1376 338.6294 348.6901 315 338.9625 330.2551 341.5651 18.43495 346.6075 325.9541 321.8428 324.0903 315 304.8245 323.1301 345.9637 333.4349 324.0395 316.3972 325.3048 351.2538 331.2602 327.9946 347.2756 338.1986 329.0363 321.3402 310.3645 315 327.7244 329.4208 318.3665 298.0092 297.8973 308.4802 329.6209 347.0054 331.6992 306.8699 310.4261 311.4237 316.3972 342.4076 332.1027 315 331.5571 341.0296
345.9637 310.9144 319.7636 3.012787 327.9946 292.3801 270 270 270 270 90 97.59464 118.3008 142.7652 137.6026 135 273.8141 225 258.6901 303.6901 356.8202 330.9454 342.646 0 322.8533 340.56 341.5651 329.0363 356.1859 338.6294 342.9795 344.4759 317.4896 305.8376 303.4078 322.125 348.6901 325.9541 310.3645 321.5819 329.7436 333.4349 333.4349 340.7693 348.6901 337.6199 337.5206 333.4349 322.125 295.2011 304.992 325.3048 329.4703 310.9144 305.5377 316.8476 327.5288 338.9625 329.9314 308.4181 310.6013 315 307.875 329.0363 341.5651 313.3153 309.8056 316.6847
315 290.556 288.4349 90 270 270 257.0054 230.1944 182.7263 187.125 156.0375 136.9091 116.565 41.98721 45 348.6901 320.1944 108.435 213.6901 237.5288 239.9314 296.5651 332.7447 6.340191 323.1301 321.009 5.194428 324.4623 326.3099 334.44 342.2996 2.385943 341.5651 309.8056 315 329.0363 338.1986 335.3764 321.3402 330.6422 335.556 323.6157 327.2005 348.2317 348.2317 327.9946 335.3764 348.6901 8.130101 292.249 300.0686 327.9946 317.1211 305.9605 306.5288 329.4703 349.992 329.0363 318.3665 301.6075 292.1664 304.0459 313.2643 323.8806 344.2488 320.0424 315 316.3972
236.3099 241.6992 225 155.556 192.5288 214.3803 196.6992 188.1301 169.3803 176.6335 151.3895 154.2901 221.4237 315 36.63411 5.90614 334.179 19.88516 0 303.2317 270 279.4623 304.2157 23.96249 329.9314 312.5104 4.085616 329.5345 315 338.6294 341.5651 352.2348 352.7468 315 309.4278 332.2415 329.4208 335.556 331.6992 334.0935 334.7989 316.7899 315 334.29 341.5651 315 307.5686 350.2176 14.74356 308.7965 300.6773 342.8973 305.1342 287.2415 293.1986 318.1798 353.6598 345.4655 325.008 305.5377 297.8973 301.7595 307.5042 323.6157 352.4054 309.9576 313.727 320.0796
192.9946 233.1301 211.7595 161.565 191.3099 217.875 182.7263 185.7106 185.1944 -1 86.63354 77.73523 280.8855 278.9726 55.00798 5.194428 330.9454 2.862405 0 357.9546 329.0363 296.5651 298.6105 341.5651 337.3801 336.541 351.8699 342.1497 320.4403 334.6538 348.6901 335.556 342.7585 333.4349 316.5482 320.7106 334.7468 346.6075 332.7447 330.9454 338.1986 324.1624 326.3099 315 311.4237 322.4314 315 333.4349 4.899092 305.5377 292.6938 350.5377 315 274.0856 275.1944 292.1664 334.6538 356.9872 327.5288 311.1859 315 304.5085 286.5044 309.0939 358.3634 311.7603 319.3987 337.0113
191.3099 253.3008 190.008 161.565 225 236.3099 180 270 315 337.6199 18.43495 6.788974 333.4349 338.5523 2.290609 354.0939 357.5104 2.290609 328.3925 358.6028 344.7449 315 325.6197 304.5085 316.6366 335.7722 337.4794 340.0169 329.0363 328.2405 347.0054 338.9625 329.7436 341.5651 328.3245 313.6028 326.3099 350.7539 349.8245 320.5275 331.5571 340.9423 353.1572 357.2737 327.9946 319.7636 315 312.1376 345.0686 318.6914 296.5651 343.6105 353.6598 297.646 273.5763 268.2643 258.6901 270 303.0239 306.8699 308.991 295.821 292.9638 305.5377 337.0679 315.7639 320.4774 355.7321
215.5377 249.444 144.4623 135 261.8699 278.1301 0 286.9275 299.3578 317.0454 351.8699 356.9872 340.9065 343.8866 351.2538 355.6013 19.98311 26.56505 315 333.4349 344.7449 335.556 0 295.821 282.8043 312.1376 322.125 309.2894 318.5763 324.4623 338.1986 336.1613 331.1892 334.0935 322.5946 310.6013 303.2317 326.3099 1.4688 321.7098 315 341.5651 352.7468 2.910837 353.1572 339.4439 326.3099 315 327.7244 337.1664 294.6236 312.614 352.304 322.696 302.6609 268.0251 254.7449 294.4439 291.6444 304.5085 321.3402 307.614 318.4166 330.3501 322.8533 313.5312 322.125 30.25644
329.0363 286.6992 12.99462 26.56505 296.5651 315 0 312.2737 291.8014 294.7751 300.9637 324.4623 0 333.4349 307.875 352.5686 32.73523 28.49564 330.9454 323.1301 327.5288 344.0546 12.99462 340.71 300.9637 301.6075 333.4349 302.9052 304.992 315 315 317.4896 326.3099 323.1301 315 312.7094 313.3153 322.5946 348.6901 331.3895 306.8699 317.4896 338.1986 0 6.340191 356.6335 330.9454 322.3058 327.5288 353.6598 305.5377 281.9761 310.2364 318.9005 342.2553 311.9872 315 328.4957 315 336.8014 344.876 311.236 316.5911 342.0309 320.3893 294.3045 225 123.6901
353.6598 310.6013 349.992 26.56505 303.6901 296.5651 348.6901 334.0935 309.4725 315 303.6901 297.8973 15.25512 5.194428 310.2364 340.3462 26.56505 10.17551 338.1986 340.1148 315 334.44 17.10273 356.4965 329.5345 308.2902 315 302.4712 307.4054 321.3402 310.2364 318.3665 308.6598 317.7263 323.1301 308.6598 316.3322 336.8014 339.4439 324.4623 312.7974 310.7636 332.6501 358.0251 356.6335 0 330.9454 310.7108 329.0363 354.6107 351.8699 322.3524 306.6743 308.5169 340.0169 325.8403 317.386 331.9908 328.3245 339.1455 351.4308 308.4537 297.8973 324.7824 317.0454 267.5104 159.7751 284.4208
344.0546 315 336.0375 30.96376 353.6598 285.5241 305.5377 324.4623 318.8141 330.9454 330.9454 310.9144 351.8699 1.4688 326.3099 338.6294 12.52881 13.17255 326.3099 339.1455 322.125 311.1859 11.30993 0 0 348.6901 309.0939 305.7539 324.7824 331.2602 319.3987 338.6294 312.5104 315 322.125 302.0054 303.4078 341.5651 350.5377 315 315 315 330.9454 354.8056 350.5377 0 348.6901 302.4712 310.1009 342.3499 357.7974 338.0255 318.3665 316.273 330.124 318.6329 315 326.6894 320.4403 320.1944 324.4623 320.8067 315 253.0725 255.9638 311.1859 343.8866 316.023
326.3099 310.6013 315 26.56505 21.25051 315 296.5651 296.5651 297.8973 315 333.4349 324.4623 331.6992 349.3803 322.125 326.9761 2.290609 20.22486 340.9065 334.9831 349.992 301.5043 335.2249 355.8151 10.30485 8.530765 311.9872 304.2157 329.0363 327.2648 327.5288 329.9314 312.5104 312.614 315 302.4712 296.5651 334.9831 7.125016 319.7636 307.875 315 322.125 344.7449 356.0091 0 355.8151 318.3665 299.2914 315 332.354 316.9749 308.047 313.5679 321.3402 299.8989 302.2756 321.009 329.0363 347.4712 302.9052 318.5035 45 266.1859 285.4612 315 331.2202 328.3925
324.1624 335.556 315 8.130101 27.25533 334.7989 322.8533 323.1301 309.2894 320.7106 343.0725 344.2488 333.4349 338.6294 336.5014 324.8658 338.1986 8.972626 0 330.9454 345.9637 311.6335 293.1986 327.8043 11.88866 22.38013 305.5377 291.3706 315 315 329.0363 326.7683 324.7824 322.8533 315 315 309.2894 325.6197 10.30485 345.9637 293.9625 295.3462 306.8699 326.8887 348.6901 353.3675 352.875 338.1986 310.9144 318.8141 335.7256 331.1134 321.9529 308.0888 309.2894 297.4287 293.4047 308.6598 328.627 6.709836 276.5463 245.3231 85.23636 325.4375 315 323.3929 323.5308 307.1847
321.4831 7.765165 324.4623 0 33.69007 324.4623 322.125 329.0363 309.6855 313.7811 348.2749 2.602561 329.9314 324.9262 350.9097 12.72435 326.3099 315 32.47119 33.69007 302.4712 334.29 312.7974 307.1467 22.16635 42.27369 298.6105 272.7263 287.1027 315 315 316.9749 325.1247 322.125 315 320.1944 320.7106 322.125 14.03624 26.56505 289.7989 280.8855 300.9637 333.4349 317.8624 332.1027 347.7352 355.0303 329.4208 318.1221 334.9831 338.1986 350.6764 332.4472 305.7067 306.3268 304.4608 293.1986 289.9831 81.8699 248.1986 257.7352 318.0128 325.823 317.3533 328.7608 342.8973 306.0694
305.3112 26.56505 336.0375 351.8699 12.99462 338.9625 327.5288 329.0363 310.6013 298.6862 336.8014 10.00798 330.6422 300.9637 333.4349 19.29004 5.710592 325.7843 17.10273 27.25533 315 324.4623 327.8043 298.4956 14.03624 14.34933 353.6598 308.6598 266.8202 288.4349 301.6075 297.2553 310.2364 310.2364 310.2364 320.7106 322.125 323.1301 18.43495 40.23636 322.4314 295.821 310.6013 355.3645 331.3895 297.2553 322.3058 351.0274 343.1786 325.4915 318.6914 304.8753 349.3803 336.1613 298.54 278.1301 255.9638 229.3987 238.4957 329.7436 335.1707 322.3058 323.1301 330.7086 318.6914 330.9454 343.7398 320.8264
