Data/Validationagain_2012/aspect.asc
ncols         498
nrows         462
xllcorner     630394.26190114
yllcorner     6366264.2135407
cellsize      200
NODATA_value  -9999
[rows 300 to 329 of 462, columns 204 to 271 of 498]
318.7517 343.0092 342.8476 330.0184 329.9729 316.5911 292.9769 293.9162 289.1336 203.1986 182.1211 204.444 191.3099 149.9314 225 278.9726 277.125 267.1659 261.4164 265.156 293.1986 296.5651 293.5523 307.4054 330.6422 315 301.8275 305.5377 270 261.0274 260.3625 283.5704 290.1707 298.7398 315 311.3478 300.9637 286.607 260.5377 171.0274 254.7449 282.9946 315 322.3058 312.8389 305.5377 300.2032 302.3196 311.4237 294.4439 279.4623 309.2894 331.5044 323.2356 308.3675 299.4385 307.4762 307.1467 314.1048 327.308 326.9442 337.6938 322.7336 323.2463 345.2564 341.1753 330.8431 327.8043
326.0235 342.9795 340.0576 328.8912 337.2176 335.7722 294.8424 277.9575 210.9638 155.556 215.1342 272.386 349.992 45 306.8699 307.5686 307.4054 282.6804 269.4093 260.9421 259.1597 274.3987 286.1134 294.4439 320.5275 317.7263 308.3675 330.9454 327.5288 280.1247 263.2338 270.6903 276.9272 292.1094 312.9174 322.9893 323.9726 291.2505 135 153.435 262.875 278.9726 304.6952 320.9469 315 293.459 272.2026 262.875 261.8699 263.2902 284.8586 304.5625 326.9207 333.6279 324.2461 312.6785 313.9391 304.9393 306.2538 325.6197 324.4623 318.5215 319.8208 333.6669 341.5651 342.1351 336.4677 327.5288
337.4632 350.5377 338.2861 329.6764 344.3578 350.5377 307.875 296.5651 347.1957 16.69924 344.7449 279.4623 270 8.130101 311.4965 314.1575 330.5725 319.7636 308.3456 285.6422 270 276.8428 284.3003 291.0375 304.8245 315 305.2176 306.8699 333.4349 315 299.7449 300.0686 296.1139 301.1714 306.6071 317.9357 342.8973 288.4349 126.8699 337.6199 290.556 280.3048 286.3895 294.4439 296.5651 303.959 313.6678 311.5664 322.9893 331.7712 327.4705 319.8035 325.008 327.4396 323.3257 330.5615 335.7722 310.6013 305.0958 321.2035 321.7662 316.3639 318.145 330.9454 338.5232 343.3457 334.7468 324.0395
337.2035 0.9093797 344.1975 328.6713 349.249 15.80251 302.9885 300.7355 332.6501 6.340191 25.76933 323.5308 301.6075 330.0685 304.0772 303.9965 323.489 324.5931 335.2826 327.3391 296.1139 285.4612 273.3665 273.8141 285.1011 309.8056 324.0903 299.0546 309.0939 321.3402 299.8141 302.6046 311.6335 309.8056 300.3236 301.5043 75.96375 136.9749 198.435 264.5597 288.4349 283.3925 281.3099 289.9831 301.2392 313.4926 334.6538 328.861 325.359 330.0685 326.411 323.3103 326.8024 325.8564 318.8568 333.699 351.6341 310.5154 298.1132 313.8542 311.8202 312.1659 322.5946 323.0272 328.1092 343.3549 333.4349 326.3099
307.5686 8.130101 337.3801 312.1376 0 63.43495 281.7251 276.1886 289.29 351.8699 43.45184 353.6598 329.9314 333.8531 305.7067 291.0375 295.9065 303.4399 331.8584 341.5651 321.4831 316.6847 298.6105 288.4349 288.4349 300.9637 324.4623 315 313.9949 331.6992 310.2364 286.5044 277.125 275.9061 251.565 201.8014 156.8014 102.2648 309.8056 303.4654 300.2032 297.4287 301.2005 314.076 314.3338 313.768 331.6992 328.8514 314.2152 303.0239 300.7355 305.5377 309.6442 318.764 315.8814 324.4623 342.8241 325.4375 323.6641 336.1941 328.9027 312.8591 324.4623 320.8067 312.2737 328.6504 332.1985 328.8697
265.2364 225 255.9638 253.8108 168.6901 79.50852 284.3003 280.5392 287.5256 315 34.99202 338.4986 318.1798 326.0035 308.7965 287.5256 275.9645 280.2222 305.5377 331.3895 326.3099 332.4472 318.0128 295.821 283.3925 278.5308 292.751 302.1957 304.177 322.5238 313.727 272.6425 243.0835 238.2405 188.9726 203.1986 296.5651 341.5651 327.5288 330.9454 320.7928 311.0818 312.7395 315 311.855 312.8253 321.8817 320.5275 322.0013 305.2176 299.4759 304.992 296.834 295.2011 293.9625 298.8108 315.7639 323.0047 331.004 339.5277 337.2035 325.0806 328.5704 327.4074 308.6598 307.1998 320.0424 327.4259
285.2551 333.4349 225 235.7843 212.0054 78.69007 287.8503 282.6804 292.0679 324.0903 0 348.6901 311.3086 310.3645 312.4552 301.6075 284.0363 274.2679 272.2026 287.5256 305.8376 321.9112 322.9435 313.727 297.1213 270 258.1114 269.2361 268.5679 248.9625 258.1785 284.8586 293.6821 286.607 319.3987 327.0948 330.7086 336.3706 308.6598 315 321.0542 315 314.3489 317.07 308.4802 301.2005 310.9144 315.8952 327.6334 320.7928 319.0856 319.0856 297.8241 297.2553 323.1301 315.7848 309.7625 311.7428 324.0903 323.6732 320.7106 336.0375 346.8275 334.2495 322.9269 314.2258 310.9144 318.7314
315 353.6598 45 274.3987 249.444 276.3402 277.125 273.2705 273.9909 285.5241 326.7683 351.2538 336.541 313.7811 313.8309 321.3402 315 294.7751 277.4314 272.2906 284.0363 303.6901 316.2189 325.7843 330.9454 334.7989 301.5043 271.5911 265.3645 281.7683 298.6105 309.4725 318.1221 317.2906 318.8785 319.3987 332.5924 339.1455 306.8699 302.1523 306.1796 302.1957 299.0546 309.447 319.3987 315 317.9737 322.7652 325.6197 307.5284 313.0251 324.6888 305.8376 311.1859 329.8757 313.2101 304.1499 306.5288 325.7843 327.6996 315 332.9691 358.1913 331.9908 324.4623 334.7989 331.1892 327.9946
336.2505 0 30.96376 3.36646 302.0054 306.8699 293.8059 295.821 297.646 293.5523 300.5792 331.3895 342.2161 318.1221 319.7636 329.5345 334.9831 323.1301 317.8624 305.5377 286.3895 280.9541 290.2249 311.6335 327.7244 342.2996 338.1986 305.5377 297.0956 311.6335 313.3397 307.5284 315 317.2906 307.614 306.8699 339.9048 335.556 311.1859 311.4237 307.7468 296.2742 290.0715 298.5707 318.9452 326.0702 325.8855 331.2202 341.5651 284.5345 262.9987 290.7722 304.7559 313.4725 320.8067 302.3349 296.5651 304.1145 316.0051 313.0909 300.5792 309.8056 345.6997 320.1173 314.256 330.8192 338.3177 334.9831
10.30485 0 353.6598 11.88866 339.6236 315 304.0459 311.6335 318.7314 324.0903 319.0142 331.9275 343.9264 316.0416 313.0585 326.7683 345.9637 321.3402 317.4896 330.9454 319.7636 289.0256 284.8265 298.8108 310.4261 317.1211 330.9454 308.211 288.7999 291.218 297.3499 291.1613 299.3578 315 315 308.3675 334.9831 319.2892 308.2902 315 315 306.7644 305.2176 300.5297 304.3035 318.3665 323.9149 331.1443 1.332219 323.5308 284.8265 297.1399 308.2544 317.5261 319.8793 314.4213 300.3526 292.8645 294.0755 281.6593 280.7843 295.0169 311.0091 311.0275 315.8952 318.3665 325.6849 325.3048
158.6294 214.6952 280.3048 18.43495 323.7462 311.7603 306.3268 309.8056 308.6598 312.2737 306.1582 319.0856 339.2278 321.3402 310.2364 311.1859 341.5651 318.3665 305.1342 324.4623 338.9625 301.3287 285.9454 294.2278 302.1957 300.9637 316.5911 317.663 288.4349 270.7073 260.9097 265.7321 274.1849 278.7462 276.0724 281.8215 313.0251 312.1844 311.7295 318.0665 315.8952 307.4879 310.5028 300.9637 284.3003 285.4221 288.4349 266.9872 270 321.3402 306.2026 300.1601 311.5526 318.2245 310.0302 315 310.6677 297.582 304.8245 302.692 297.646 311.4237 309.0355 308.746 319.9697 310.0302 311.1859 319.2364
183.0128 209.9816 218.4802 218.6598 290.2249 304.8753 306.4692 287.5256 273.3665 277.4314 281.7251 290.3232 315 317.6026 318.3665 315 321.3402 330.9454 311.9872 302.9052 332.6501 309.0939 279.4623 277.7652 289.7989 288.4349 301.8275 321.2035 312.3974 284.2645 270 270 265.0608 247.751 254.7449 277.3524 302.8286 305.3948 307.875 318.1364 322.9435 312.589 310.2364 301.8275 271.5482 250.9423 250.56 257.0054 293.1986 305.6553 314.0122 307.614 310.6568 317.2906 306.0983 307.4605 316.9091 319.0142 316.7899 316.3972 319.7636 318.7517 308.1572 310.2364 323.5308 312.9174 307.5686 0
213.0239 244.8552 255.2564 276.6325 279.3447 280.008 272.7263 222.1376 248.7027 267.1844 277.5238 264.4007 242.354 236.6336 252.4744 293.5523 304.6952 326.3099 327.5288 288.4349 305.1342 317.2906 288.4349 266.1859 273.5763 284.4703 290.6375 309.6855 322.3524 297.8973 282.9946 280.008 267.2737 262.875 275.1944 280.7843 287.5924 290.8209 294.353 306.9643 317.2026 311.3322 317.1611 315 266.1859 272.4896 303.8708 348.4248 336.3706 307.7058 312.8591 313.0475 311.236 310.7946 304.992 303.518 310.3141 320.9061 313.4926 312.2409 327.2251 320.2901 299.6667 306.8699 319.8645 313.0251 299.2192 108.435
270 273.8141 284.0363 276.9529 254.7449 245.1707 216.8699 239.0362 264.6442 259.3302 262.4054 275.1944 277.125 256.7595 257.9052 273.4682 279.4623 246.8014 270 295.0169 310.9144 312.614 313.0251 308.047 315 304.5085 292.8336 289.29 270 273.8141 282.7244 285.5725 290.1363 301.4641 306.3268 297.0956 296.0535 305.6901 295.56 298.54 313.3397 310.1696 333.4349 30.96376 282.8043 292.3286 306.0274 338.1986 336.1461 318.7517 314.2748 305.0362 310.5328 306.1796 300.7355 298.9264 300.0049 308.4537 308.2464 307.5686 320.3893 326.6894 315.7957 320.5275 323.9149 309.6442 180 121.6608
288.4349 265.9144 248.6294 231.3402 237.9946 230.5993 215.3112 226.8476 245.556 236.7683 242.5256 263.6598 304.6952 325.9541 298.6862 280.008 266.8202 225 248.9625 252.2553 239.6209 251.565 276.3402 293.8753 308.9276 306.5288 287.7447 242.354 264.0939 299.6237 302.2425 301.293 290.8209 293.8387 306.1194 307.1998 303.8351 308.3865 297.4076 293.1986 311.0275 314.0608 346.6075 45 299.9816 283.8514 290.7142 307.6004 317.386 326.1649 320.8264 291.218 295.9065 303.0558 299.3205 296.8962 291.3706 289.6121 293.8387 297.8973 305.0494 318.5763 318.5763 319.2892 297.646 161.565 137.2906 131.9872
326.3099 276.3402 258.6901 263.2902 263.991 254.0546 242.2415 235.3048 240.3763 250.9744 260.8821 258.2066 254.5778 276.3402 291.8014 292.4794 305.5377 350.5377 266.1859 231.1155 220.2364 225 247.8905 262.0731 270 272.4896 248.6294 261.2538 296.2414 312.3575 316.1935 307.6942 297.646 299.876 303.5305 304.1436 304.4792 304.5625 306.1582 299.3806 301.3994 308.0888 0 82.69424 283.815 282.8937 293.3109 297.4076 296.5651 315 331.5873 308.8534 303.8571 311.1859 306.8699 300.9637 295.4976 287.3189 287.1985 290.9245 290.4803 294.7174 286.6992 194.0362 159.3411 154.204 145.4742 139.7636
356.6335 292.6199 289.8852 302.2756 304.8753 300.9637 305.9097 288.4349 272.2906 276.1702 282.3808 276.1702 259.439 249.444 261.8699 279.0579 311.9872 45 300.9637 304.3803 291.8014 271.8476 261.6341 259.992 251.565 228.3665 216.573 275.0424 290.1707 292.6938 281.3099 287.8503 294.2059 304.249 306.3843 297.5973 301.1593 301.9081 302.4712 292.249 276.7662 210.0686 160.0169 148.5704 282.6334 292.1263 299.0546 290.6744 292.3801 302.2425 321.3402 317.7263 306.2538 306.8699 310.2364 304.6952 296.5651 288.0478 285.7512 283.8407 278.3257 268.8309 194.9314 155.0715 145.9886 150.0184 157.1452 149.0362
4.398705 307.875 293.459 300.9637 310.3645 315 330.9454 324.4623 293.1986 273.8141 270 274.3987 274.7636 274.3987 277.696 273.1798 246.8014 111.8014 273.8141 282.9946 294.1455 304.2157 280.1247 261.1932 237.6804 223.2643 253.7398 274.4846 268.6361 242.2415 263.6598 283.2011 280.3889 281.3099 287.4472 287.6761 291.8014 288.778 277.3058 248.9625 198.9704 175.1355 205.1448 317.0826 305.1888 295.821 291.9296 279.3721 283.0919 289.7468 298.1786 296.1469 291.8014 295.4976 303.6901 303.6901 296.5651 289.2593 286.9275 281.9761 269.1186 178.9584 158.1986 162.1039 155.3392 149.3003 327.5288 8.972626
321.7098 315 304.5625 299.7449 298.3008 308.6598 333.4349 334.9831 305.5377 274.6859 267.337 265.8554 275.3893 288.9704 288.4349 270 201.8014 183.3665 253.3008 259.5085 255.9638 274.6355 286.2602 268.6678 253.8866 279.2933 295.2011 282.2648 260.7067 253.8866 270.8551 268.5679 263.4373 259.8545 267.337 279.3721 278.2971 265.6013 251.0033 199.9831 174.6442 202.8336 283.9125 303.6901 306.7241 294.2744 292.3801 284.7436 278.6955 279.5667 293.1986 293.7495 285.6422 293.3852 309.9204 310.8151 296.5651 286.1443 287.4027 281.3099 212.9052 141.8182 143.2407 165.4655 194.5345 261.0274 301.5043 341.5651
327.3391 315 322.125 315 284.8586 284.6209 317.8624 333.4349 319.3987 298.8557 280.4375 272.5638 273.4682 276.3402 257.1957 206.565 192.2648 206.565 243.435 254.3578 266.8202 284.4703 302.0054 317.8624 287.1027 288.0042 292.3801 279.1624 246.3706 249.7751 255.9638 251.0535 254.4759 253.355 265.0729 273.1221 267.7688 268.5312 270 143.1301 254.3578 308.3333 305.9493 292.9196 294.4439 297.1811 295.3462 294.4439 292.3801 277.4314 286.4769 307.0565 295.2777 289.2593 302.4712 315 308.9276 293.8753 266.6335 168.3885 163.4602 152.3067 137.2026 220.0303 278.3439 273.3665 265.3645 282.0948
345.9637 320.4403 318.5763 330.2551 299.7449 298.0725 331.1892 341.5651 325.3048 323.9149 309.8056 299.6237 271.0416 252.0956 220.7636 194.9314 227.4895 257.2756 270 277.5946 286.9275 286.6992 299.4759 331.2602 304.3803 291.541 284.2645 266.8202 225 253.2174 264.2894 266.0548 257.9885 255.5792 265.1696 272.4471 283.6713 288.4349 315 51.70984 288.4349 278.3543 291.2716 295.4633 298.4429 304.796 290.2249 286.9275 302.0054 297.8973 297.3499 312.8389 308.1572 288.8861 287.8787 297.4744 301.6755 292.8336 195.2551 130.0063 146.2225 166.866 165.5792 286.9275 288.9704 276.3402 276.0724 296.0296
354.8056 351.8699 345.9637 315 295.3462 303.6901 338.0513 347.4712 331.2602 321.789 308.047 305.1342 251.565 237.3808 239.0362 288.4349 306.8699 298.0725 268.1524 251.565 260.7067 267.337 278.427 309.8056 306.4164 304.3803 291.0375 243.435 253.0725 272.5638 270 268.9949 267.7688 264.1304 264.7376 267.3974 280.6197 286.6992 302.4712 85.81509 255.4655 264.2894 274.6001 291.098 299.8141 312.4552 296.5651 284.0363 293.1986 301.1593 300.9637 308.6598 317.4896 302.3474 292.9638 287.0205 273.0128 188.1301 150.5241 118.0725 115.9744 297.1811 321.1702 291.3706 275.4403 264.8056 273.9452 283.5704
356.3086 11.30993 27.64598 344.0546 292.5206 297.5528 326.7683 345.9637 347.0054 324.4623 284.0363 270 225 242.7447 249.8637 263.4181 270 212.9052 222.7094 244.6538 264.6442 269.3415 273.2705 287.8189 290.1363 282.9946 225 204.444 259.6952 274.8991 273.0128 273.5763 277.696 277.0578 271.6135 264.4174 262.1467 250.71 163.8557 158.8243 228.5215 277.3058 286.206 293.9225 303.518 315 309.6107 295.5139 286.0323 281.5467 286.3138 293.1986 303.9965 296.5651 278.4711 257.4712 215.1342 146.5346 142.289 126.2538 128.2902 280.9541 295.9065 280.3048 270 286.9275 289.5923 283.134
11.97613 23.19859 23.83874 354.0939 301.373 291.3706 306.0274 333.4349 0 351.8699 315 225 198.435 239.0362 244.2901 235.204 206.565 195.2551 254.2488 285.4221 295.0169 291.541 278.6157 272.5638 262.2348 213.2317 194.0362 231.3402 266.1859 271.5482 276.009 283.1092 286.1443 278.6157 265.5251 247.8336 234.3602 223.5121 151.9275 32.47119 300.1865 298.3879 300.7686 296.1753 301.4641 309.8056 306.3268 305.8112 303.6901 285.2551 282.8043 288.4349 282.5288 266.6335 249.444 202.3801 172.875 142.2143 137.0214 141.3402 205.3462 259.992 280.1247 310.6013 297.1213 293.8753 299.0546 296.5651
11.30993 19.88516 355.4261 344.4759 320.1944 302.2756 308.2902 329.0363 0 0 45 135 206.565 210.9638 221.6335 223.8767 226.4321 259.992 286.0736 290.2249 290.2249 287.3005 284.0363 276.3402 225 181.4688 212.2757 240.4222 264.2072 272.7927 276.4994 278.3257 281.8886 269.2361 250.7693 233.6156 236.1738 258.8708 311.0275 345.0464 317.6026 303.1929 306.7928 299.8141 300.2032 310.2364 300.9637 299.8989 311.7603 303.5305 301.7151 311.9872 299.0546 261.8699 210.9638 161.565 155.3231 137.0454 141.8428 190.1247 246.3706 282.6002 293.3852 326.3099 290.8545 285.9454 298.0725 306.2538
356.4965 15.70864 345.7841 336.1613 335.1363 319.7636 315 315 -1 135 120.9638 135 191.3099 198.435 225 253.6105 270.8303 289.5923 292.2856 276.7098 263.2902 264.4725 270 254.7449 185.1944 163.3008 233.7462 253.4956 264.6678 268.7546 278.3103 282.1443 264.2894 234.9263 231.7662 233.3929 267.117 283.6367 291.0375 305.352 307.606 296.8619 293.6631 294.7751 301.185 313.977 307.4054 297.4744 302.1523 304.249 308.5584 340.0169 149.0362 219.2894 168.6901 141.0725 143.2594 133.3397 127.5686 303.4399 316.7357 307.875 293.1986 270 274.1849 271.5482 278.7462 290.4623
327.9946 355.9144 344.7449 325.3048 329.9314 329.0363 315 135 168.6901 143.7462 128.6598 154.2901 206.565 261.8699 279.4623 272.1211 271.3972 276.3402 276.8428 257.7352 245.8545 244.7989 232.7652 211.6755 222.8789 315 313.0251 295.821 289.3978 278.3103 273.9647 273.3665 253.6105 225 226.2189 243.178 266.2245 276.981 291.666 298.4651 304.5085 294.8142 281.8215 289.5367 298.706 308.8845 309.7099 304.439 302.3004 298.3008 299.9315 116.565 136.8476 184.0856 180 126.0851 130.2364 155.556 307.1847 321.6325 323.8068 316.4321 293.1986 279.4623 288.4349 282.2005 275.7106 264.6442
327.0948 325.3048 341.5651 276.3402 225 180 168.6901 156.8014 172.875 156.3706 131.1859 172.875 278.1301 309.8056 315 265.8151 259.7559 258.9765 247.4794 240.9454 246.2505 239.6209 219.8056 229.3987 270 310.6013 326.7683 315.971 309.5077 292.0679 276.3402 264.2894 274.6355 309.2894 292.751 273.4336 272.8239 279.2239 292.249 292.5206 289.179 274.0856 271.1935 278.5555 290.556 306.1796 312.9904 309.2072 303.8571 288.4349 195.2551 133.3634 135 167.0054 192.4751 150.2551 118.4127 304.3803 304.992 306.8699 305.2176 315 323.1301 307.875 306.8699 293.8753 263.4181 235.7843
341.5651 315 -1 225 192.9946 169.6952 155.556 159.7751 176.6335 157.249 138.8141 285.2551 276.3402 273.8141 296.5651 265.2364 262.875 256.8908 228.8141 233.1301 254.5778 262.875 263.991 273.5763 275.3145 281.3099 299.0546 305.9605 302.6609 285.3955 284.2159 282.9946 287.3005 321.3402 322.125 286.5044 279.9506 277.7447 278.7234 279.5931 281.6336 290.1363 289.7223 287.549 287.4748 299.6667 311.4785 310.1009 311.4965 303.6901 116.565 115.4269 121.4296 150.6682 197.8503 193.8407 321.1155 310.9144 305.3803 292.5206 281.3099 281.3099 283.3925 276.009 266.3478 244.6538 228.8141 242.4472
191.3099 225 -1 -1 123.6901 135 137.1211 159.444 192.9946 180 329.0363 315 239.0362 233.1301 225 256.6075 261.8699 247.7144 225 245.3764 261.6561 270 275.7106 270 262.6942 261.0274 266.6335 274.3987 289.44 282.5288 285.2551 300.9637 297.582 322.125 322.125 283.0693 277.4521 278.924 275.6774 266.4785 273.4474 296.5651 304.242 308.1818 300.6 293.9625 299.6667 302.692 315 105.2551 133.1524 120.3791 116.565 133.4089 289.0256 302.7749 305.0958 290.7722 255.9638 243.435 210.9638 193.5704 210.9638 220.2364 220.9144 228.0128 254.7449 266.3478
