Data/Validationagain_2012/aspect.asc
ncols         498
nrows         462
xllcorner     630394.26190114
yllcorner     6366264.2135407
cellsize      200
NODATA_value  -9999
[rows 210 to 239 of 462, columns 272 to 339 of 498]
322.3264 315.7639 320.6405 340.1148 341.5651 347.0054 12.26477 41.69814 48.64119 37.56859 16.14434 1.301952 0.7848238 355.2364 345.9637 309.0531 303.6901 326.0937 346.866 334.8552 319.8991 324.0903 352.875 90 86.42367 3.576334 336.2505 333.4349 315 315 331.3895 295.71 291.0375 287.354 280.3048 285.0685 305.8376 329.0363 329.3003 328.5359 293.8059 269.1449 254.0546 315 326.3099 315 303.6901 305.0738 316.5482 326.0409 330.2551 310.1355 304.5085 318.0128 301.2637 309.7099 315 312.1376 306.7241 310.3466 315 322.3058 338.3691 323.8806 322.125 342.2161 346.6075 338.7204
326.9293 318.7153 312.614 333.4349 342.646 347.9052 23.55226 65.65891 65.55605 45 8.569141 1.59114 11.61149 7.224315 346.8908 324.5931 315.8814 316.3972 339.3045 344.3578 332.354 341.5651 26.56505 68.19859 30.25644 327.3391 336.5014 347.8286 341.5651 341.5651 355.0303 331.8584 325.3048 332.354 330.7512 297.0309 295.641 315 306.5288 322.4314 325.6849 316.2189 321.1155 329.0363 323.1301 315 304.6952 310.2364 319.7636 324.4623 331.6992 322.3058 330.4221 323.1301 306.1796 308.5584 304.992 306.1194 302.6805 303.9765 315 311.7845 326.4337 331.9275 326.6688 337.1664 352.4054 343.9264
325.7843 316.023 302.8286 315 216.8699 209.0546 118.0725 98.61565 78.45331 52.81529 10.00798 4.398705 5.90614 4.763641 341.5651 325.3759 335.1707 329.4208 326.7683 351.8699 243.435 188.1301 140.1944 71.56505 353.2902 326.3099 323.7462 326.3099 336.0375 355.3645 3.576334 339.2278 322.125 324.8658 346.4296 327.0115 312.9546 323.2971 316.273 306.573 321.7662 340.56 342.1811 340.2011 336.8014 318.3665 304.1145 310.684 316.1691 321.4831 335.556 324.1624 326.9761 321.7098 313.3634 314.132 296.9958 294.7435 303.1785 309.3456 323.2192 315.6585 310.6013 327.1443 327.4396 320.0424 340.56 342.8973
340.3462 298.3008 230.7106 164.0546 178.3634 188.5308 163.5231 136.7357 82.99873 53.97263 357.7094 0 5.527539 355.156 332.0205 321.009 342.1213 355.6013 7.431407 106.6992 171.8699 191.3099 167.0054 296.5651 315 320.1944 318.1798 315 315 353.991 6.340191 338.6294 318.8141 293.9625 310.6013 316.5482 301.3287 293.4986 308.047 302.9052 301.5514 328.5704 337.9887 341.5651 344.4275 334.1336 313.9949 307.2348 302.3196 310.6013 338.1986 332.2415 316.2454 316.7357 316.5482 320.3558 302.8557 298.0948 307.632 313.4926 325.1755 318.4166 300.1916 315.8303 335.9558 308.6598 306.1796 320.3558
40.23636 135 178.6678 158.9625 172.5686 180 182.2906 210.9638 56.30993 38.29016 341.5651 347.2756 6.009005 358.4518 333.4349 322.125 341.5651 36.02737 75.46555 96.34019 143.1301 251.565 -1 270 279.4623 296.5651 300.2564 306.8699 291.8014 315 351.4692 340.2011 349.6952 319.7636 291.8014 294.8637 300.3791 276.6325 273.5763 273.0128 263.1572 284.8586 321.789 340.4633 338.1986 338.7495 328.3925 309.6442 292.6199 290.6954 315 328.134 307.1847 302.074 304.6111 313.4518 315.5509 307.9333 302.3666 307.0425 325.1543 325.0493 312.5634 316.8779 334.6538 321.1155 308.0888 308.9458
58.57043 75.37913 122.7352 153.435 184.3987 180 261.8699 264.0939 116.565 62.10273 300.9637 270 327.5288 357.5104 332.5256 330.9454 132.2737 150.3763 151.9908 132.8789 164.7449 243.435 225 270 273.8141 270 263.1572 276.3402 303.2317 305.8376 328.2405 337.5206 359.0906 0 315 302.7352 330.2551 331.9275 308.6598 318.5035 315 286.8584 292.4794 321.3402 326.0035 329.5345 331.2602 318.2705 312.614 319.2892 317.8624 327.2648 316.8476 310.1009 312.0263 310.7242 315.4583 317.4681 306.5525 304.5923 325.3048 331.3611 333.4349 337.5431 327.8477 325.9111 328.6097 326.8598
123.6901 94.26789 111.0375 151.9275 202.1664 217.875 233.1301 239.7436 198.435 128.6598 153.435 225 228.5763 201.0375 225 154.7989 132.7974 151.5571 165.9638 153.435 225 270 270 270 276.3402 289.359 292.9321 301.5514 324.4623 315 298.0092 318.6522 0.9093797 18.43495 333.4349 306.3843 325.6197 341.9522 322.5946 331.7827 349.2869 316.3019 291.0375 303.6901 329.0363 340.641 329.4703 318.1221 322.3264 345.7841 326.3099 320.0424 325.5392 326.1888 319.6199 308.9382 304.6027 311.3086 313.3317 310.4622 319.3987 330.9454 346.8275 342.9795 332.1455 326.6894 333.7498 330.5498
178.6361 138.8141 125.7539 149.0362 206.565 209.7449 206.565 220.7636 208.6105 152.1027 135 225 213.6901 186.3402 195.2551 164.8989 130.2364 108.435 45 -1 270 276.3402 303.6901 309.2894 302.4712 309.2894 315.8303 321.254 338.782 350.9605 330.2551 311.8779 352.6476 11.04094 341.5651 322.3524 327.6002 343.1562 335.9245 332.0205 353.6598 337.3062 309.4007 304.796 325.1247 349.3803 346.0973 325.4207 328.8697 355.6955 336.2505 322.8153 325.4742 335.7722 331.7898 320.0291 316.9091 318.6085 315.8615 316.5802 323.4613 339.3937 353.8678 335.1998 333.1891 337.1803 337.6199 328.1906
182.8156 149.7436 132.6141 146.3099 210.9638 203.1986 206.565 220.9144 206.565 171.8699 171.0274 209.7449 207.8973 194.0362 225 153.435 53.1301 348.6901 26.56505 45 281.3099 295.0169 322.5946 325.7843 319.9697 303.6901 304.5625 318.4682 328.3925 345.6997 355.9555 331.8214 320.9469 349.992 341.834 329.8935 329.5345 340.4269 349.5625 348.6901 347.7352 331.8214 324.4623 306.5288 298.8108 329.9951 342.6811 322.4314 335.0453 352.6656 331.9275 324.2933 317.237 330.6949 337.2118 326.4587 329.8586 332.6126 315 313.0114 327.8882 341.3377 351.4041 334.4626 326.8131 346.636 346.7809 318.7046
243.435 71.56505 33.69007 0 18.43495 45 270 258.6901 225 198.435 236.3099 270 291.8014 315 331.6992 0 350.8376 339.1455 7.001267 16.18921 341.5651 332.4472 346.6075 330.6422 324.4623 324.1805 321.6048 328.6006 318.3018 318.3018 356.3785 1.974933 321.6544 319.5378 333.1527 324.9506 316.273 327.8043 341.5651 344.0546 339.7751 316.273 324.7824 332.3005 308.6598 313.1817 331.0736 314.2927 330.8324 344.2753 324.4623 326.482 322.5395 323.6157 333.9465 328.3925 326.9293 339.2668 324.3982 315.3312 332.8787 346.5348 350.5844 338.3049 324.5931 348.9765 351.573 319.3683
278.1301 26.56505 356.6335 351.2538 22.16635 30.96376 329.0363 325.7843 340.3462 341.5651 354.0939 347.4712 315 303.6901 315 348.6901 333.4349 326.5922 349.6952 4.398705 338.5523 334.5731 8.746161 341.5651 311.6981 324.1114 335.2976 341.0535 326.3099 304.992 327.9946 358.8065 346.7236 313.9949 316.3019 326.0035 316.9749 3.814074 315 304.6952 327.9946 306.1582 305.1342 330.7086 323.1301 318.6522 337.4161 326.1738 323.3103 337.3801 327.2315 326.5138 334.0022 327.2091 334.0577 342.4891 322.4115 327.0678 331.728 324.601 331.3701 352.136 356.0818 332.8961 320.0573 342.6211 344.5537 326.2106
270 315 319.0856 335.2249 22.75098 18.43495 338.9625 332.8787 335.8545 348.9965 11.65929 8.471144 341.5651 324.4623 323.7462 340.0169 334.29 326.5601 334.8552 335.8978 329.7151 338.6907 16.8584 3.36646 293.9625 282.8043 310.2364 331.6992 319.0856 297.646 298.8866 331.5044 348.2317 324.4623 295.9065 290.7722 309.5597 354.8056 349.6952 321.7098 320.3145 318.1798 312.6627 330.0184 327.7071 323.1909 344.6237 347.7352 320.5599 324.1503 329.0363 332.712 337.5273 330.8324 338.7379 352.7826 338.241 325.8735 324.1046 319.2054 321.2035 353.047 3.990912 324.8658 306.7808 327.5288 337.9321 210.0686
270 296.5651 311.0548 337.9321 24.44395 1.548157 342.3499 329.3814 321.5463 349.7559 15.4885 8.901715 359.256 346.5348 332.9279 347.4712 354.8056 337.7144 332.418 320.1944 324.6121 349.3803 28.95099 29.82708 305.1342 276.6325 293.9625 324.4623 319.2364 289.0256 280.008 275.1944 289.6538 319.3987 330.2551 301.866 315 336.1613 344.7449 335.4328 323.3257 322.386 321.0542 336.6309 330.0378 324.2208 344.7946 357.7542 334.5988 312.9904 315.8263 334.359 337.8645 326.8568 340.0576 346.6477 344.4537 340.3462 321.8182 301.6398 313.2376 342.3777 355.9144 340.9588 313.4926 315 132.7543 160.5297
326.3099 315 318.4336 353.1572 24.8637 351.4692 337.1094 321.9112 324.3602 350.7761 2.924977 5.262395 4.763641 348.9862 337.8336 353.1856 14.44404 355.4261 328.7223 316.5765 310.3013 35.53768 67.38013 28.17859 342.4744 308.5412 295.4633 308.8845 323.6157 308.6598 293.4986 315 316.8476 307.875 338.9625 318.5035 325.6849 345.0686 332.7004 326.3099 323.7853 321.7662 315 332.9931 328.8075 315 332.1896 353.8758 348.9705 320.2503 306.9092 323.2356 336.2716 322.3996 330.0831 338.3643 344.9457 352.3758 340.5374 326.3099 328.8775 336.9487 351.8699 355.6013 235.3048 151.2602 132.4739 133.6028
339.5672 318.0665 321.4588 12.26477 20.85446 343.393 340.0836 310.2364 307.5394 338.587 350.1888 6.254032 6.596737 343.8557 337.9321 356.5834 25.82099 4.014175 323.5959 313.1817 284.7436 123.6901 28.61046 351.6071 345.2564 341.0296 323.9726 313.5312 318.9005 335.3764 311.9059 305.5377 329.0363 294.2278 311.5318 309.2894 303.2317 336.8014 334.1481 318.7084 322.0013 321.9919 306.8122 324.9042 335.3532 319.1665 320.0058 340.9065 353.0115 313.7175 297.6844 310.4095 327.7244 324.5366 317.2026 327.938 345.9637 341.8473 340.3716 336.2505 337.1094 341.5651 70.01689 133.2101 149.7436 136.3639 112.5206 78.69007
327.5288 320.2901 321.1702 17.52557 357.0892 331.2324 345.8668 344.2753 293.1986 286.7827 300.9637 358.0251 3.945185 326.113 321.8428 1.273029 39.61069 9.833563 321.8428 315 11.30993 8.130101 333.4349 330.2551 342.646 353.4537 339.6768 320.1944 313.7811 336.541 337.3801 306.2538 315 300.9637 299.7449 317.3373 311.9335 311.4237 322.1992 320.3145 326.113 326.8887 302.6003 312.9975 331.6609 327.7867 322.8355 326.0409 355.4261 304.0459 270.2569 282.8288 309.0194 320.4403 315.8952 308.019 321.1155 323.9306 331.9275 320.7106 231.3402 158.1986 129.8056 130.1009 120.9638 71.56505 45 20.55605
310.9858 330.7808 340.7693 353.6598 332.8503 319.4846 339.0875 17.47477 332.2815 286.607 280.3048 276.3402 303.6901 297.1213 285.2551 225 26.56505 12.26477 338.1986 330.9454 352.5686 0 331.6992 322.4314 340.2011 353.1572 341.5651 326.3099 317.6026 322.3058 347.0054 347.8286 331.9908 320.5722 303.6901 311.0548 337.9321 324.7524 297.1981 311.7527 332.8919 338.7026 315.7848 302.074 304.1145 317.5169 325.8564 319.1849 342.0956 355.1434 298.1063 280.0349 292.3801 315.7073 341.5651 318.5763 278.1301 278.9726 270 150.9454 169.3803 150.0685 116.565 87.51044 45 45 30.96376 349.992
315 331.46 358.9949 339.2278 315.868 300.7627 297.1213 48.57634 351.8699 325.8403 341.5651 336.3706 315 307.6476 347.4712 335.556 315 351.8699 338.9625 339.4439 355.9144 355.6013 333.4349 325.3048 340.8664 347.4712 341.5651 329.0363 326.3099 326.5922 335.556 344.5779 335.2249 334.7989 329.1781 313.6574 337.9321 1.613538 300.4833 293.7998 325.4915 345.4655 334.8321 316.2189 290.4002 292.3194 313.2902 314.3704 319.8739 348.3023 348.9365 267.2737 250.4633 270.4658 357.8789 29.0546 256.4296 236.0409 185.1944 143.9726 158.9625 108.435 78.69007 45 45 45 0 323.1301
331.0908 325.7843 357.8789 340.2011 294.7751 272.9108 273.1798 357.5104 335.556 332.8189 342.8973 330.9454 325.1755 328.627 0 17.10273 315 315 326.3099 346.2637 13.57043 338.1986 320.0424 321.1702 336.1613 335.7256 342.1497 334.7468 321.6325 333.0042 338.9625 327.4074 326.1547 325.359 327.1622 319.9342 328.8286 4.398705 339.291 290.0372 295.8803 341.0535 345.9637 332.5256 322.125 319.0042 317.9207 317.5114 309.0685 326.551 29.18081 13.57043 255.596 246.3886 201.8014 141.3402 277.2532 291.5713 328.2405 11.30993 355.6013 17.52557 40.42608 4.398705 14.74356 13.3925 351.0274 318.5763
340.4269 352.6942 352.7468 357.614 321.8428 287.2415 300.1735 328.3925 315 326.3099 334.29 316.8476 315 329.6209 0 27.34987 335.8545 299.7449 313.6028 20.55605 21.37062 324.4623 313.2101 311.4237 324.7824 320.7106 336.541 346.5043 317.9357 319.9697 338.8602 328.6713 324.0395 319.8991 317.7263 320.0424 322.0284 350.8033 359.7498 311.5834 276.2825 301.2777 343.264 332.8318 337.5368 340.6557 329.6209 326.0864 314.6303 315.9315 21.03751 17.52557 333.1891 302.0926 282.7244 315 310.2364 321.981 341.5651 358.1524 351.6341 8.972626 20.55605 357.1376 0 5.648247 5.572197 349.992
331.7827 14.74356 3.945185 355.9144 352.875 316.1935 305.5377 329.6209 336.3706 329.0363 339.4439 335.556 292.6199 281.3099 333.4349 5.194428 338.7495 300.9637 300.5792 33.23171 11.97613 323.6157 323.8806 313.2101 316.5911 316.4321 326.6894 346.7595 316.4688 310.4622 326.9293 328.707 321.1702 323.2463 323.8418 317.3662 309.657 329.6383 357.6889 1.218874 298.996 295.7923 330.1909 333.942 343.3549 341.9522 330.4842 328.9432 323.3787 317.8341 355.3645 7.487388 350.1807 353.3513 356.257 328.6713 326.4695 332.7004 341.5651 344.5388 339.0755 0 15.25512 0.5906565 358.1118 6.632514 21.66596 22.9321
333.0042 25.46334 17.02052 351.8699 342.4076 327.7244 306.573 310.9144 336.4477 323.6157 330.4221 6.340191 340.2011 317.4896 341.5651 346.3287 330.9454 317.663 309.4725 1.735704 356.9872 339.1022 335.7722 318.1798 313.6678 321.3402 334.9831 331.9275 311.8202 309.6855 321.7098 326.4337 314.0452 312.7094 329.0363 330.9454 317.0096 323.9149 344.942 9.192243 333.6049 317.3662 327.2091 332.3067 351.6743 336.275 325.0543 333.9111 326.4587 308.6598 328.8407 344.7449 354.7188 7.52382 357.7454 343.3008 339.2278 343.8557 352.0731 344.0546 334.44 352.8065 15.06849 1.101705 357.4208 13.64291 23.19859 21.46765
359.0906 17.10273 24.44395 3.012787 331.1892 340.0169 334.6538 307.4054 315 315 315 8.130101 350.5377 323.5308 342.1811 349.0459 332.7447 334.1336 344.0546 339.6768 344.7449 1.909152 347.1957 317.7263 316.2189 331.3895 0 317.0454 300.7841 307.8115 325.204 326.3099 316.2825 308.4181 319.0283 329.0363 320.7442 323.0272 337.6199 358.9088 327.9946 321.6913 324.2933 319.5942 351.9829 334.7223 319.1849 350.5377 337.0113 308.6598 323.4034 334.5159 3.674499 2.533558 354.1304 353.3952 346.1088 345.1414 346.7873 352.2782 338.0968 344.5388 12.91781 355.8151 358.1817 21.71393 12.99462 10.05433
354.8056 24.77514 27.75854 353.4181 335.9558 346.7595 352.875 341.5651 327.0948 323.1301 324.8658 351.2538 334.6538 319.0856 329.6764 341.5651 339.2744 338.7026 347.9052 339.1022 340.71 27.34987 342.646 310.0302 316.273 339.7751 3.012787 321.7098 303.1901 307.5042 330.7209 335.4099 321.009 314.6327 313.2643 312.2519 311.8698 310.6617 329.8503 0.7252235 306.8699 290.7722 308.4181 304.8085 329.8757 326.7934 318.7723 355.7858 341.8279 324.2726 315 321.7098 358.1524 359.4543 1.668337 351.8699 345.7355 345.4342 344.6667 0 349.3803 338.782 1.145762 355.2799 6.203447 27.83808 4.484605 2.960935
209.0546 243.435 11.30993 329.9314 323.9726 340.0169 3.012787 339.3045 339.8637 353.3675 333.4349 326.3099 319.6355 321.3402 321.8428 331.1134 347.7352 344.0546 320.1944 330.2551 18.43495 45 317.4896 299.7449 307.304 344.7449 334.2307 321.8428 313.4413 305.3688 319.0856 337.3801 321.2035 314.231 322.6577 310.156 307.875 305.9097 317.9904 6.648644 346.5348 312.2737 320.9061 328.3245 312.0263 316.7534 330.3062 344.3272 339.0656 345.556 332.1524 326.3099 351.3268 346.7595 357.5104 346.8491 343.5514 343.8866 346.1593 359.1186 353.6598 339.4439 342.6995 1.84761 20.22486 23.40469 6.340191 2.815556
333.4349 324.4623 308.6598 315 322.125 335.8545 17.10273 311.7295 326.3099 20.43283 356.0091 326.3099 322.6668 326.7683 319.3987 315 341.5651 348.6901 315 324.4623 24.44395 6.009005 323.9726 308.6598 308.8298 328.7363 324.0395 316.2825 314.623 308.0272 301.8368 322.5614 327.2005 303.5934 311.1121 315.4583 309.1554 298.1786 300.4833 341.5651 350.2996 337.1094 335.2506 343.4429 320.8906 324.7962 336.8858 347.4276 338.3852 343.5514 341.5651 345.6507 358.3153 338.1986 339.4439 340.56 344.9315 345.9637 345.9637 336.8014 341.5651 338.1986 333.4349 6.340191 29.93151 24.67686 18.43495 18.43495
341.5651 9.782407 326.8887 317.386 338.3852 352.5686 1.169139 323.7462 309.8056 6.340191 356.6335 332.1027 323.7462 333.4349 329.0363 315 293.1986 320.7106 322.5946 324.4623 6.115503 359.1186 329.9314 331.2602 340.4633 323.2128 323.2463 321.4588 318.4474 325.3048 315.8013 315.4276 337.8906 315 294.2278 308.1909 319.2364 297.372 294.3903 312.4923 333.8078 356.0915 356.6335 326.4212 319.4846 326.5601 336.3058 359.0906 354.6991 332.4748 334.7223 351.6743 3.447386 354.8056 329.7436 339.7751 16.92751 0 326.8887 330.9454 341.5651 333.4349 345.9637 0 26.56505 35.53768 26.56505 23.19859
328.3925 6.709836 349.3803 311.9872 320.9061 353.3675 357.2737 332.1027 313.2643 333.4349 352.2348 324.7824 301.4296 332.1027 0 0 306.8699 285.9454 287.2415 292.249 335.556 349.2869 326.7386 327.9946 343.8355 324.3925 318.1995 322.3738 322.6404 327.8407 322.8393 317.7702 335.8286 339.7751 309.8444 293.9625 309.9364 304.6027 300.551 307.8257 314.2655 17.85032 353.2544 315.4621 310.6749 314.256 319.0856 353.4802 5.90614 348.3885 325.5392 340.1148 21.80141 33.69007 296.5651 225 101.3099 0 288.4349 307.875 348.6901 341.5651 345.9637 1.84761 40.03026 67.24902 68.96249 0
318.5763 339.7751 7.431407 334.9831 294.4439 326.3099 11.30993 319.7636 313.7546 337.0679 2.72631 350.5377 275.1944 281.3099 341.5651 8.130101 341.5651 291.0375 296.0296 304.5923 320.3145 326.5138 319.8208 319.4413 332.6501 325.3759 316.0675 315 319.7245 319.0042 311.5467 320.1944 331.0074 337.0273 334.4861 315.4621 315 308.6158 302.7995 315 327.0306 354.8056 339.1666 312.2737 305.4171 305.1807 307.304 317.8624 353.6598 13.46521 337.751 332.6501 60.64225 80.21759 225 225 330.9454 349.6952 306.6341 304.6952 344.7449 354.8056 353.6598 12.09476 72.47443 90 36.8699 330.9454
339.1455 326.7683 8.130101 353.6598 323.1301 324.8658 3.36646 322.125 299.7449 326.6894 2.489552 23.19859 14.03624 266.1859 270 11.30993 333.4349 330.2551 318.6914 316.7357 330.0685 316.7624 310.2921 309.1304 317.3469 320.5275 321.8293 322.6506 322.1935 321.8637 314.5787 318.1151 329.4208 334.6833 337.1502 330.7621 325.8855 310.6525 304.3151 322.5946 328.7995 342.0956 320.1944 302.7352 302.3666 306.7029 317.7263 311.6981 339.3045 32.47119 356.1859 354.8056 62.35402 59.53445 350.5377 336.0375 342.3499 349.6952 316.4688 301.293 327.2648 358.1524 8.130101 70.20113 99.63754 92.12109 332.1027 333.4349
