Data/Validationagain_2012/aspect.asc
ncols         498
nrows         462
xllcorner     630394.26190114
yllcorner     6366264.2135407
cellsize      200
NODATA_value  -9999
[rows 240 to 269 of 462, columns 340 to 407 of 498]
350.5377 7.125016 343.3008 336.0375 21.80141 53.74616 67.38013 73.81079 81.8699 45 11.30993 37.87498 23.19859 18.43495 6.340191 342.2553 340.641 0 309.2894 297.646 313.2101 324.4623 358.0909 3.814074 322.4314 315 343.3008 341.5651 323.7462 327.0948 340.2011 52.38604 72.10812 65.32314 27.19813 351.8699 340.56 336.9745 264.4101 262.7291 269.5818 305.3948 306.7537 316.9091 326.5346 315 300.0686 288.0723 282.0948 282.9946 287.7004 300.75 312.9904 316.0809 318.8785 313.3634 310.6013 328.7816 338.459 17.8787 45 252.8973 227.8624 232.6961 270 279.7824 264.4278 -9999
341.5651 0 326.3099 0 63.43495 45 56.30993 63.43495 63.43495 0 329.0363 26.56505 18.43495 356.1859 349.992 359.1186 10.7843 9.782407 344.2488 326.3099 318.3018 325.8403 1.273029 5.440331 321.4831 312.7974 333.4349 344.0546 319.7636 315 330.1541 26.96571 60.20022 59.86282 14.11153 354.4349 15.4077 7.853312 289.204 271.1779 253.1416 190.2382 202.6865 226.2189 265.8151 310.2364 303.6901 296.2587 286.1443 285.69 286.3268 288.0605 302.9052 316.1233 307.9987 306.6071 308.8845 312.5634 328.134 39.64417 39.80557 7.765165 315 286.0736 290.1363 297.8015 294.9285 -9999
0 0 315 71.56505 90 45 45 45 50.35582 10.30485 318.5763 0 350.5377 352.875 355.6013 2.602561 18.43495 6.115503 339.6768 328.4486 317.2026 327.2005 18.43495 346.6075 320.1944 324.4623 325.7131 332.6501 334.9831 309.8056 310.2364 345.9637 44.19307 43.64012 17.41797 12.1596 51.5627 21.16126 273.9182 244.9831 214.6952 178.609 200.0895 232.2827 248.6942 274.2679 283.1092 289.8552 296.2587 291.3706 288.4349 288.4349 294.0265 311.4965 307.9987 304.439 307.0565 295.3462 288.4349 63.43495 35.53768 13.17255 346.5043 305.5377 290.556 295.8664 301.7595 311.0698
20.22486 8.130101 348.6901 45 48.57634 21.80141 21.80141 27.47443 48.09406 29.0546 326.3099 330.9454 309.8056 335.556 18.43495 343.8108 355.7636 10.98065 345.9637 323.1301 316.3322 326.8887 3.576334 348.0707 319.0142 332.6501 333.0605 323.9726 345.9637 336.1247 306.2538 307.4762 16.53484 29.78367 22.70637 31.23049 41.90594 16.69924 343.3008 225.9469 208.7059 180.2162 219.447 243.4832 219.8461 197.9738 225.6474 259.7349 290.4099 293.1986 288.0723 285.7808 282.6002 288.4349 288.4349 277.5946 266.9872 245.556 198.435 161.565 161.565 225 303.6901 288.4349 282.3391 282.45 279.8658 276.9529
26.56505 11.30993 1.4688 22.83365 38.88449 71.56505 225 320.1944 46.78991 30.06858 344.2488 343.3008 333.4349 333.4349 8.130101 333.4349 323.7462 6.911226 3.576334 327.9946 318.0941 315 340.56 355.7108 330.6422 326.3099 334.7989 323.427 333.4349 353.211 327.9946 306.0274 319.6107 358.9053 17.01378 39.09386 34.24401 7.03794 25.82099 21.27161 277.2532 210.9638 240.8192 234.4315 196.2903 204.4236 238.3516 248.8243 261.0274 274.0856 276.0724 274.0856 270.7073 270 265.6013 258.6901 251.565 209.0546 189.4623 180 180 206.565 242.354 272.386 280.3048 277.4958 269.2927 264.2894
32.90524 14.03624 12.09476 33.69007 57.09476 63.43495 334.44 321.7098 45 16.55707 342.8973 343.8108 354.8056 354.0939 4.763641 343.3008 308.3675 344.0546 9.211026 346.7595 329.5345 325.9541 332.7447 352.3493 345.1735 323.2971 324.4623 328.2405 320.2901 344.6045 342.3777 323.6863 315.7538 315.7957 346.3571 43.53745 25.9392 2.999655 32.24876 40.96507 3.551733 341.7871 336.9087 236.5922 194.3614 224.7652 226.7853 212.2757 214.5014 225.3494 244.5731 256.7236 262.2664 257.9694 252.9795 253.7398 242.7447 185.1944 195.2551 198.435 180 225 262.4054 273.8141 280.7131 285.5241 284.0363 278.9726
53.1301 63.43495 83.65981 63.43495 64.17901 41.18592 341.5651 6.709836 31.75948 336.0375 335.8545 339.4439 356.4237 8.130101 15.25512 348.6901 306.6341 304.2869 353.2338 353.991 326.6336 332.8787 342.5528 340.641 353.047 346.185 311.4965 321.7098 326.0702 323.4711 332.418 322.8533 309.0355 311.7755 322.125 19.62844 11.98751 7.085172 40.91438 48.77981 15.62423 333.0543 0 28.17105 18.43495 235.2568 213.087 208.4956 221.3478 233.8695 236.9083 231.1373 228.5763 226.7624 239.0362 234.4623 213.0239 188.9726 198.435 206.565 186.3402 239.0362 263.991 270 270.7073 274.514 280.0975 282.5288
49.63546 45 8.130101 6.340191 34.69515 15.9454 339.4439 19.13364 17.70043 324.0395 328.4957 342.646 0 12.09476 6.709836 356.8202 340.4633 315 336.8014 349.439 315.971 327.4074 341.0954 336.9745 354.8056 2.231174 325.561 320.1022 337.8336 315 309.5597 315 303.887 295.4633 308.5412 332.7004 340.796 13.62699 41.70785 40.35592 13.31178 342.5746 3.215483 34.54009 30.52971 342.3289 345.4342 343.8557 235.9087 225.547 203.8387 199.1531 200.393 203.3021 201.1757 199.1671 207.1399 196.4769 199.0577 181.8476 177.93 214.0772 241.46 255.9638 257.3196 252.4744 249.7751 253.369
38.99099 39.4278 6.009005 358.3634 34.38034 357.7094 340.4633 20.1363 9.162346 328.2986 328.4957 347.0054 4.763641 0 351.0274 0 349.6952 327.5288 347.6192 351.4308 321.3402 328.3487 335.8978 340.56 352.6476 350.6553 338.1986 332.5256 351.0274 329.0363 308.5412 316.023 315 291.6823 298.1132 318.5763 318.4336 349.6241 23.82426 29.40204 8.093884 351.3187 11.2551 34.09329 23.01589 341.7229 357.869 46.06883 214.0459 213.8835 201.2393 199.3537 194.8151 194.3838 187.3009 202.5063 224.5304 212.3807 205.7693 148.3092 163.664 204.1988 222.925 235.8564 249.5196 240.9454 230.7106 235.0975
43.02507 45 11.30993 3.179829 29.0546 338.6294 333.0343 19.48613 359.2152 331.9662 343.8108 354.8056 355.2364 345.9637 338.1986 357.5104 352.5686 327.5288 349.1597 359.3839 328.3925 325.0607 338.1986 351.0274 347.0054 332.1985 330.2551 335.7256 356.3478 332.5924 312.2737 316.023 326.0702 304.3803 299.4275 310.2364 316.3019 322.3058 341.1139 10.61965 358.7811 350.3542 15.76066 28.63215 11.74325 344.1219 12.31944 57.00478 56.03421 300.7189 264.0118 215.7067 193.3351 195.7808 188.1691 213.182 223.9342 216.3629 209.1406 127.657 148.0387 195.0903 209.493 220.1599 233.0632 219.7099 211.866 226.3169
45 33.31063 7.765165 15.01836 16.69924 330.9454 322.5946 7.65065 357.7094 333.4349 0 2.489552 337.8336 336.0375 333.4349 349.6952 354.1736 333.4349 339.5197 1.84761 341.9802 322.0165 342.8973 3.094057 351.1194 334.2307 330.9454 342.2553 351.2538 327.9074 313.1524 318.3018 322.8153 311.5834 309.1933 308.4181 320.0796 324.2461 312.2298 332.2161 346.866 343.664 3.136358 20.50498 4.763641 352.4631 35.7601 63.00416 54.23235 346.7472 341.2883 34.74318 30.96376 273.3665 278.1301 229.5378 223.527 224.7157 203.5688 130.8608 133.7811 193.2293 215.7164 230.7709 235.7263 203.0615 205.0836 232.8533
40.36454 24.22775 9.462321 19.35899 0 336.0375 320.4403 344.9315 358.2643 349.5085 357.5104 353.6598 335.8978 332.5713 336.0375 339.4439 342.4744 340.7693 336.2974 353.6598 352.0304 330.5241 341.9657 5.774325 357.3974 340.4633 343.6105 353.7844 353.019 340.4269 322.9072 330.0378 331.5349 318.2705 321.2419 319.8991 332.3005 336.4477 315.924 302.0054 315 323.7462 327.9074 358.2643 354.1736 355.3466 38.15723 46.02 28.59323 353.0101 5.244338 36.39111 10.8403 350.1061 338.279 2.891269 255.9638 231.1552 197.3241 147.308 119.4191 325.561 270.8551 241.7738 224.1423 188.7217 194.8163 224.1186
21.80141 18.43495 9.162346 3.468229 351.0274 346.6755 337.6199 335.4328 351.8699 7.373765 354.8056 340.796 339.6236 339.9285 348.2317 347.1957 336.8014 340.7693 340.7407 341.9657 346.6075 341.5651 347.4712 2.72631 354.0531 337.567 343.664 356.5761 354.0939 350.2867 329.3493 332.8601 342.646 336.9218 331.7712 321.9529 335.556 342.582 338.5323 327.1714 319.9697 323.4711 320.4923 326.8887 336.8014 343.8108 17.8402 26.82489 13.74567 1.238026 25.44637 23.60711 1.301952 5.024075 6.072456 20.38746 30.37913 236.4493 201.8014 187.7447 305.8376 332.1027 349.6513 252.929 214.3061 190.0584 196.713 223.0733
11.30993 17.30053 9.323591 351.8699 349.992 354.8056 337.6938 334.9831 350.9605 10.00798 356.0995 334.2495 331.8584 341.1616 348.6901 346.6075 340.71 336.8014 339.6236 333.4349 332.2415 341.5651 354.5226 348.4399 347.1523 343.9797 337.5431 349.249 353.3675 346.1088 327.2361 325.751 332.5256 343.8427 342.8015 310.7321 319.5378 336.9745 346.4768 346.373 323.1301 313.8065 318.3665 313.8065 315 320.7106 332.6501 17.1759 14.80838 24.39676 52.7034 12.57893 343.085 7.048519 26.45423 42.09295 39.55967 15.05432 335.082 318.106 313.3634 329.7151 16.64504 4.144623 303.9965 250.9423 229.4556 233.8204
12.38076 14.03624 357.9546 340.641 346.9081 358.1913 339.7174 331.6208 354.8056 4.96974 352.8065 342.8973 334.708 344.9816 348.6901 341.5651 346.2637 345.6507 342.4744 333.4349 328.5704 341.0954 346.5514 339.2858 346.3994 1.576549 349.6952 339.9628 353.9276 339.8804 328.5704 332.796 329.0363 345.6773 0.6902764 317.9108 306.9953 327.9946 349.3803 353.4537 336.5713 316.1691 310.8151 308.8298 309.6855 318.6522 324.9262 356.6335 32.00538 57.80426 70.29555 356.3478 298.0203 8.130101 51.08469 43.96215 21.01582 7.480886 350.1342 343.5514 343.977 8.378672 33.36637 335.647 351.624 7.792078 9.530128 267.3246
18.43495 8.841814 336.541 334.2307 333.0343 348.3664 343.6105 321.2258 341.9958 1.735704 347.8286 343.7798 345.4655 348.6901 350.9097 343.7398 342.2553 353.9041 354.6855 333.1381 330.7086 341.9657 332.9691 334.3232 347.5351 0.5562515 357.5104 346.0973 349.1597 339.0442 322.3058 326.9566 337.1903 348.4533 6.340191 339.2744 306.6341 321.2419 356.4677 352.2664 342.3499 341.5651 330.2551 320.1944 311.3478 309.8056 326.9761 12.52881 26.56505 67.20348 79.14751 345.9637 282.938 341.5651 52.19923 41.18592 7.570888 357.8983 352.2722 348.0315 354.3693 38.37922 16.81102 323.8629 349.9416 26.70548 27.40075 0.6585424
14.74356 7.594643 332.6501 338.9625 327.5288 326.8215 345.0184 330.6422 317.9609 349.4184 348.4862 338.8242 351.8699 355.2364 346.2637 344.3578 340.2011 351.4164 358.1524 344.6667 336.3458 345.9637 339.4439 334.179 344.9315 349.7349 357.1579 357.5104 349.3543 348.354 333.4349 324.0665 342.5528 347.1523 0 359.1449 330.141 323.3439 354.6855 351.3474 340.821 348.6901 348.6901 344.4072 330.2551 310.8151 321.9112 13.3925 37.40536 93.88791 94.3987 316.5074 291.1048 329.0363 68.38522 42.43623 338.8602 337.0113 347.5011 347.6805 7.907162 41.49647 357.3411 320.8615 352.304 33.0329 17.32549 15.17028
6.842772 358.2643 339.7751 350.5377 337.9321 328.4652 341.8962 356.4237 321.8817 320.7928 347.6447 340.821 349.8245 0 340.1148 337.5206 348.3407 346.7335 347.6375 351.9684 341.3421 347.062 357.3575 339.6768 334.179 349.177 0.4896948 351.7406 345.3643 350.1747 346.5782 340.5815 343.7203 337.751 358.0251 5.964487 341.0168 338.1063 351.8699 352.7939 340.71 334.9831 350.6279 8.325649 346.4296 324.2461 326.0035 5.194428 50.44033 83.31309 56.63363 327.3954 327.0306 357.2737 57.72435 350.3948 315.5787 317.8271 331.2602 338.6294 1.080923 17.31894 349.5822 326.1215 358.5679 11.63363 5.194428 23.69422
349.6952 334.0256 339.8637 1.84761 339.8637 333.0939 343.0402 359.256 352.733 328.7363 340.56 351.8699 350.2176 350.9421 347.2288 337.2035 350.6764 348.354 336.6951 349.1597 346.2637 342.929 356.9872 352.0731 334.179 350.6279 1.548157 337.7824 340.542 350.3625 345.6186 351.486 352.3814 334.44 0 11.13631 340.4892 350.4633 2.83411 352.7939 343.8108 331.1645 351.8699 25.90651 354.6442 330.6422 339.5377 12.52881 74.74488 74.98164 0.5787248 332.796 12.99462 9.865807 19.72228 325.4915 302.7639 317.8156 334.8852 328.7816 338.7495 359.2927 346.293 343.5231 352.875 340.5139 347.3807 21.55194
343.9677 324.7618 332.2234 4.338266 341.8008 331.336 342.8241 351.6965 359.1363 352.2348 344.9457 354.4996 350.0419 340.3462 347.7047 345.3322 349.992 350.1342 338.0513 344.5214 352.4926 341.2883 343.94 0 350.6279 339.5672 345.0464 338.9225 346.7989 354.8827 338.7908 344.0546 0.3558691 344.8989 350.5377 6.753573 347.062 358.5797 17.74467 351.6897 337.7965 341.222 0 14.62087 0.5672656 339.7174 347.3196 38.01894 73.24973 53.82038 335.3232 342.5973 28.88658 7.594643 356.9872 334.8321 305.5377 308.1183 330.6422 330.3501 331.9275 349.6952 345.2564 350.0738 356.9872 345.9637 345.4655 350.2176
335.6235 328.7173 336.8937 356.236 344.859 330.9983 338.9968 353.3456 3.814074 356.6335 353.4181 1.231977 350.5377 341.7452 351.2538 357.3458 351.1194 345.8609 339.6638 346.4296 351.0274 346.1303 350.1342 358.1817 354.6107 341.9522 334.708 343.6105 357.614 349.249 345.8015 342.0721 359.132 356.8202 345.0184 355.9922 356.8779 10.19599 15.17993 357.7803 341.2502 344.8459 6.203447 358.3317 356.894 357.5529 8.806792 63.12186 56.80243 27.1213 350.2176 339.4439 24.44395 357.3575 343.7676 338.0851 324.3236 312.3162 322.6668 333.0605 333.4349 337.5206 336.8014 347.3196 356.1859 356.3478 354.8056 352.6942
325.7625 325.9422 347.7604 347.258 341.9753 339.8142 336.3706 357.0351 7.352379 353.8603 357.9132 6.940983 349.5822 342.451 2.101654 10.04533 354.8056 348.0707 335.879 344.2113 347.0054 343.6476 358.4176 352.9477 349.2285 347.3474 336.4629 348.5305 356.8202 339.6768 350.647 356.236 348.9862 351.8699 353.2544 354.2894 2.419508 15.18584 3.908544 1.301952 3.652222 348.0558 2.626405 351.3268 350.1542 16.22019 39.7261 65.26569 47.5448 34.9194 10.22217 351.8699 3.576334 346.8908 342.0309 330.9454 328.1906 325.2222 322.125 325.4077 340.56 337.0113 330.0685 339.7024 348.4248 353.3952 356.1859 2.290609
329.2872 326.441 346.0875 341.0535 337.3406 348.2471 342.8803 353.601 2.290609 2.212041 2.489552 5.946862 352.0362 334.8769 8.392924 15.61939 352.7676 355.5587 347.9492 341.7871 346.8425 338.3253 349.2869 352.9792 351.7808 346.4296 346.3452 355.9922 349.992 337.765 349.249 0 344.6384 344.3578 354.8978 1.005085 5.389311 6.991925 0.5405094 5.355824 17.81889 0.4182092 354.5597 355.8818 356.4965 37.76308 61.049 59.03624 29.35775 19.79888 358.1118 351.2926 7.980113 352.2664 340.2532 336.1048 323.6732 329.0363 334.2307 315 332.1027 346.5348 327.6526 330.1541 343.3008 340.4077 347.3807 10.37584
328.627 335.8929 341.5651 335.8286 331.8493 347.3881 356.6661 351.5853 355.9406 25.38212 6.952957 350.1186 357.4831 338.7671 6.072456 19.58071 344.0064 350.6398 2.239475 342.9236 342.6067 342.7796 340.6593 356.9872 352.1169 335.3392 349.439 7.305759 344.0017 334.867 345.9637 352.9987 349.8245 345.6997 348.9174 0.5456569 9.331409 7.160449 8.039444 16.09764 20.04525 11.30993 354.0355 3.310941 21.80141 55.45991 56.76829 25.88027 12.48249 6.159163 357.117 351.3572 18.74976 4.214178 334.1197 344.1808 344.7449 338.1986 346.4296 329.0363 327.0948 350.6764 331.336 334.5923 355.2364 344.7449 337.1094 9.090276
321.8864 337.4491 342.2351 329.9314 328.2908 339.4867 5.710592 3.878524 2.021364 36.14204 3.066485 335.0372 351.8699 349.0459 7.666803 15.75117 339.3045 340.292 5.826341 346.0497 336.2505 346.9448 344.9136 356.3915 343.3391 330.7247 344.6591 3.601277 343.5065 332.8562 340.7908 347.6753 355.3381 357.1087 351.0274 357.3575 17.10273 17.8787 18.43495 26.56505 23.32535 11.30993 357.4362 16.27967 36.8699 37.71105 21.80141 3.576334 8.595911 4.03771 1.054404 2.419508 13.54318 3.764034 341.3233 342.3682 356.3086 350.6279 342.646 339.5672 342.3499 346.293 333.166 337.1664 0.8069287 359.1449 344.4275 355.7321
313.2537 326.113 342.3499 325.3048 328.815 347.8451 7.835525 4.467158 8.471144 19.44003 2.642545 342.2161 339.0442 351.8699 12.13132 354.3327 340.542 346.6075 355.156 351.4391 344.8669 347.2288 354.6107 352.875 339.9343 347.3914 344.8865 343.5746 344.5502 332.0125 331.0112 338.8505 352.0928 2.459043 4.398705 4.537772 6.80905 12.09476 16.98211 24.97391 23.19859 5.527539 1.520769 32.85572 33.55066 13.62699 11.58342 5.90614 9.95807 6.911226 5.440331 7.125016 6.072456 1.138176 353.6598 344.6499 358.0694 1.332219 334.2495 336.5014 352.5686 346.7989 333.1038 340.4077 356.9872 1.84761 348.6901 345.0686
312.3974 322.9801 335.556 330.1457 332.9279 0.5456569 8.130101 348.887 1.948084 15.14098 11.88866 357.1844 339.1666 350.0494 2.121096 341.9657 340.1148 349.616 350.6335 351.4009 353.1987 353.6598 2.202597 359.0122 327.2648 342.8015 334.7989 322.9575 334.3232 327.0948 311.6822 320.1282 340.133 355.1696 8.746161 8.530765 355.8653 359.4213 17.488 24.22775 15.90618 10.58163 10.40771 28.45702 20.69545 358.4306 13.05003 24.8637 13.60973 8.297144 9.090276 4.484605 8.130101 2.602561 0 355.2921 1.59114 357.7094 333.4349 330.9454 353.2902 351.3843 333.1038 347.7995 2.642545 0 351.8699 345.9637
322.3785 327.5288 325.3973 326.9566 337.0113 358.0251 6.170175 341.5651 334.7989 11.72511 19.98311 359.1931 347.3807 356.7603 341.2666 331.2797 337.0804 344.1569 347.55 344.9315 351.9776 9.309939 21.37062 10.00798 336.6309 332.5256 324.7524 313.3397 319.0856 336.656 324.1416 317.3469 336.3179 351.1457 2.626405 4.398705 357.7688 356.6661 22.38013 30.96376 14.48976 13.53049 15.25512 20.48701 14.98986 2.095252 19.44003 30.44643 13.82865 6.132222 9.950626 12.46493 7.765165 1.123302 0 3.652222 9.688786 347.6192 338.4287 341.5651 350.8376 345.2564 336.1613 353.991 16.18921 0 349.439 6.581944
316.6366 319.514 306.8699 278.9726 280.008 311.6335 2.489552 341.5651 294.4439 334.9831 10.71312 351.8699 357.8789 4.763641 326.853 318.4336 333.4349 337.5035 335.6375 343.8427 6.170175 23.62938 12.40742 357.5805 345.9637 351.6897 348.0707 332.2815 324.2933 337.765 337.4259 321.8428 327.2005 343.6918 0.9093797 1.584854 358.6981 8.601384 25.01689 30.59998 16.49346 9.202597 17.5109 19.90847 12.33909 12.62822 28.11321 26.56505 18.43495 12.63336 12.13132 19.72228 358.9584 353.6598 5.844565 7.989326 6.340191 352.1467 346.5043 356.0091 350.3112 336.5014 343.0725 11.30993 21.97451 0 350.3625 24.44395
310.5328 301.3287 295.56 278.1301 285.9454 294.4439 0 315 270 262.875 299.0546 326.8887 358.1524 352.5686 330.141 316.1458 332.9873 342.9795 326.3099 347.8286 16.75026 358.1221 352.5686 352.4054 341.9522 356.7108 0.7073186 337.5098 327.1237 332.8919 334.5731 329.2208 321.3842 327.0023 358.6678 358.7939 355.1656 18.26791 22.11646 19.52357 19.55005 14.74356 22.3062 21.42529 8.972626 16.52579 32.30042 29.39605 26.96571 19.41149 8.275892 14.47029 1.909152 347.4712 5.806726 10.95406 358.2376 355.2364 357.5104 2.815556 354.8056 336.8014 348.6901 19.23067 15.4885 2.935673 9.462321 40.10091
