Data/Validationagain_2012/dem.asc
ncols         498
nrows         462
xllcorner     630394.26190114
yllcorner     6366264.2135407
cellsize      200
NODATA_value  -9999
[rows 148 to 184 of 462, columns 164 to 245 of 498]
-9999 -9999 -9999 330 330 329 330 330 329 329 329 329 329 329 329 329 329 328 328 327 327 328 328 328 330 330 329.75 329 329 329 329.5 329 328 328 327 327 326 326 327 328 327.75 328 328 326 326 325 325 326 326 327 328 327 327 326 326 327 327 328 328 328 328 328 328.25 328 328 327 327 328 328 327 326.5 328.75 330 327.75 326 327 327 327 327 328 327 328
330 330.5 330 331 330 329.25 331 330 330 330 329.5 330 330 330 330 330 329 328 328.75 328 328 328 328 329 330 331 331 331 331 330.25 330 330.5 330 328 327 327 326.5 328 329 328 328 328 328 327 326 325.5 327 327 327 327 327 327 328 328 327.5 328 328 328 329 329 328 329 329 329 328 328 328 329 328 328 328 329 330 328.5 328 328 328 328 327 327 328 330.5
330 330 331 331 331 330 330.75 330 330 330 330 330 330 330.5 330 330 330 328.5 328 328 328 328 328 329 331 332 331.75 332 332 333 331 331 329 328 328 327 328 329 330 328.5 329 328 328 328 327 327 328 328 327.5 327.5 328 328 328 328.5 328 329 329 329 329 329 329 329 330 330 329 329 329 329 329 328 328 330 330.75 331 329.25 328 328 328 327 327 329 331
331 331 332 332 332 332 331 331 330.5 330 330 330 330 330 330 330 330 329 329 329 328 328 329 329.25 331 331 332 332 332 332 332 330.5 329 329 328 329 329 331 331 331 330 329.5 330 328 328 328.5 329 329 328 329 328 330 329 329.25 329 330 330 330 330 330 330 330 330 331 330 330 330 329.5 329 329 329 330 331 332 332 331 330.5 330.5 331 330.5 330.25 332
332 331.75 332 332 332 332 331.5 331.25 331 330 330 330 331 331 331 330 330 330 330 330 328 329 330 330 332 331 332 332 332 332 331 330 329.5 330 329 329 330 331 331 331 331 331 330 329 328 329 329 328 329 330 329 330 330 330 329.75 330 330 331 330.5 330 330 330.5 331 331 331 331 331 329 329 329 329 330 331 332.75 331 331 332 331 332 331.25 332 332
332 332 333 333 333 333 333 332 331 330.5 331 331 332 332 333 331 330 331 331 330.75 330 330.25 331 331 332 332 332 333 334 332.75 332 331.75 331 332 331 331 331.5 332 332 331 331 331 331 330 329.5 329.5 329 329 330 330.75 330.25 331 331 330.75 330 330 331 332 332 332 332 331 331 331 331 331 330 330 329 330 331 331 331.75 333.75 331 331 331 331 331 332 332 333
332 333 333 333 333 333 333 332 331 331 331 332 332 333 334 332 330.75 331 331.5 331 330 331 331 331 333 333 333 333 334 334 332 332 332.5 333 332 332 332.5 333 332.5 332 331.25 331 331 330 330.5 330 330 329 330 331 331 331 332 331.5 331 330.5 332 332 332 333 333 332 332 331 331 331 331 330 330.5 331.25 332.75 331.5 332 334 332 331.5 331 331.25 331.5 332 333 333.75
333 333 334 334 334 333 332 332 331.5 331.5 332 332 332 332.25 334 333 332 331.75 333 331 330 331 331.5 332 332 333 334 334 334 334 334 334 334 334 333 333 333 333.5 333 333 332.25 331 331 331 331 331 330 329 331 332 332 332 332 332.5 332 332 332 333 333 333.5 334 333 333 332 332 332 332 332 332 333 334 333 333 335.25 333 333 333 333 334 333 335 336.75
333 333 334 334 334 333 333 332 332 333 332.25 332 332.5 333.25 334 334 333 333 332 332 331 332 333 333 333 334 334 335 334 334 335 335 334.5 334.5 333 333 334 334 334 334 333 332 332 331 331.75 331 331 330 331 332 332 332 332 333 333 333 332.75 333 333 334.75 334 333 333 333 333 332.5 333 333 333 333.75 335 333 334 335 333 334 334 335 335 335 336 337
334 333 334 334 334 333.25 333 333 333 334 334 332.5 333.25 335 334.5 334 334 334 333 333 333 333.5 335 334 335 336 336 335 336 336 336 336 336 335.25 335 334 334 334 335 334 334 333 332 332 332.25 333 332 331.5 332 332 332 333 333 334 334 333.5 334 334 334 335 335 334 334 334 334 334 333.5 334 334 335 336 335 335.25 334 333 334 334 336 336 336 337.25 338
334 334 334 335 334 334 334 334 334.5 335 334.25 334 335 336 335 334.5 334 335 335 334.5 333 334 335 335 336 337 337 336 336 337 337 337 337 336.5 336 335 334.5 335 335.5 335 334.5 334 334 333 333 333 333 332 332 333 333 333 333 334 334.5 334 335 334 334 335 335 335 334 334 334 335 334 334 335 336 336 335.5 337 336 334 335 335 337 337 337.5 339 340
334 334 335 336 336 335.25 334.5 334.5 336 337 335.25 335 336 336.5 336 335 336 336 336 335 335 335 336 336 337.5 338 337.5 337 337 337 337 337 337 337 337 336 335.5 336 336 336 335 335 335.75 334 333 334 334 333.25 333 334 334.5 334 334 334.75 335 336 335 335 335 335 335 335 336 336 336 335 335 336 336 336 336 337 338 338 336 335 336.25 339 339 340.5 341 342
334 335 335.75 336 336 336 336 336.75 337 337 336 335 336.25 337 336 336 336 336 336 336 335.75 335 337 337 338 338 338 338 337 337 337 337 337 337 337 336.75 336 337 337 336 335.25 336 336 335.75 334.5 334 334 334 334 334 335 335 335 335 336 337 336 336 336 335 335 336 336 337 336.5 336 336 336.25 337 337 338 338 338 338 338 335 337 340 341 342 342.25 343
335 335 336 337 337 337 337 337 336.75 337 337 336 337 337 337 337 337 336 336 337.5 336 336 337 338 339 339 338.5 338 338 338.5 338 337 337 338 337 337 337.5 337.25 337 337 336 336 336 335.75 336 335 334.25 334 334 335 336.5 336 336 336 337 337 338 337.5 337 337 336 337 337 338 337.25 337 337 337 337 338 339 339 339 339 338 337 338 339.5 341 343 344 344
336 336 337 337 337 338 338 338 337 337 337 337 337.75 338 338 337.5 337 337 337.5 338 337 336 337 337 340 340 340 340 339.5 339 338 338 338.75 338 338 338 338 338 338 337 337 337 336.75 335 336 336 335 334.5 335 337 337 337 336 336.25 337 338 338 338 338 337 337 337 338 339 338 338 338 338 338 339 339.75 340 341 340 339 338 338 340 341 342 343.75 345
337 337 337 338 338 338 338 337 337 337 338 337 338 338 339 339 338 338 338 338 337.75 336 336.5 337 339 340 340 341 340 339 339 340 340 339.5 338 338 339 338 338 338 338 337.25 337.25 338 338 337.5 337 336 336 337 338 338 337 337 338 338 338 338 339 338 338 339 339 340 340 339 339 340 339 340 340.25 341 342 342 341 339 340 341 342 342 343 345
337 337 338 338 338 338 338 338 338 338 338 338 339 339 339 339.5 339 338 339 339 337 336 337 338 339 340 341 341 341 340.75 340 340 341 340 340 339 339 339.75 339 339 339 338 339 339 339 338 337 337 337 338 338 338 338 338 338 338 338.25 339 339 338.5 339 340 340.5 341 341 340.5 340 340.5 340 341 341 342 343 344 343.5 340.25 341 343 343 344 343 346
338 338 338 338 339 339 338 338 338 338.5 339 339 339 340 340 340 340 339 339 340 338 337.25 339 339.25 340 341 341.5 342 342 342 341.5 341 342 341.75 340.5 341 341 341 341 341 340 340 340 340 340 339.5 338.5 338 338.5 339 339 339 339 338 338 339 340 341 340.5 340 341 341 342 341 341 341 341 341.5 342 343 342 343.5 345 345 346 343 344 345 346 346 346 347
338 338 338 338 339 339 339 339 339 339 340 339.5 340 341 341 341 340 340 340 341 339 338.5 339.5 341 341 341.25 342 342.25 343 343 343 342.75 343 343 342 341.5 342 342 342 342 341 341 341 340 340 340 339 339 339 340 340 340 339 338.5 338 339 340 341 341 340.75 341 342 342 342 342 342 342 342 343 344 344 344 345.25 346 346 344 345 346 346.25 347 347 349
339 338.5 339 339 340 340 339.25 340 339 340 341 340.5 341 341 341 341 342 342 342 342 341 340 341 342 342 342 343 343 343 343 343 344 344 344 343.5 343 343 342 342 343 343 342 341 341 341 341 340 339.75 340 341 341 341 341 340 339.75 341 341.25 341.5 342 342 342 343 342 342 343 343.5 344 344 344 345 346 346 346.25 347 347 346 346.5 347 348 348 348.5 349.75
339.75 340 339 340 340 339.25 340 341 340 340 341 341.5 341.5 342 342 342 343 343 343 342 342 341 342 342 343 343 343 343 343 343 344 344 344 344 344 344 343 343 343 343 344 343 342 341 341 341 340.75 340 340.75 342 342 342 342 342 340 342 341 342.25 343 343 342.5 343.75 343 343 344 344 344.25 344 344 345 346 347 347 348 348 347 347 348 348 350.5 351 351
341 341 341 340.5 340 340 340 341 341 341 341 341.5 342 343 343 343 343.25 343 343 342 341 341 342 343 343 344 343 343 343.75 344 345 345 345 345 345 345 344 343.25 343.5 344 344 344 342 342 342 341 341 341 342 342 343 343 343 343 342 342 342.5 343.5 343 344 344 343 345 345 345 345 345 345 346 346 346 347.25 348 349 350 350.5 350 351 351 352 353 353.5
342 342 341 341 340 340 340 341 341 342 342 342 343 343 344 344 343.25 343 343 342 342 342.25 343 343 343 344 345 344 344 345 345 345 345 345 345 345 344.5 344 344 345 345 343.25 343 343 342 341 342 342 342 343 343 343 343 343 343 343 344 344 344 345 345 343 346 346.5 346.5 345 346 347 347 347.5 347 348 349 351 352 352 352 351.25 351 353 354 355
342 342 341 341 341 341 341 342 342 343 343 344 344 344 344 345 344 344 343 342 343 344.25 345 344 344 345 345 345 345 346 346 346 346 345 345.5 345 345 345 345 345.5 346 345 344 343 343 343 344 344 344 344 344 344 344 344 344 344.5 344.25 345 345.25 346 346 344 347 347 348 347 347 348 348.5 348 349 349.25 351 352 352 352 352 352 353.75 354 354 357
341 341 341 341 342 342 342 343 343 344 344 344 344 344 344.75 345 344 344 343 343 343 345 345 344 344 346 346 346 346 346 347 346 346 346 346 346 346 345 346 346 346.5 346 345 343 343 345 345 344 344 345 345 345 345 344.5 345 344 345 345 346 346 347 346.25 347.75 348 348.25 348 347 349 349 349 350.75 351 352 352.25 353 353 352.75 353 354.25 355 356 358
343 343 342 342 342 342.75 343 343 344 344 345 345 345 345 346 346 345 344 343 343 345.5 345 345 345 345 346 346.5 346 346 347 347 347 346.25 346 346 346 346 346 347 347 347 346 346 345 345 346 346 345 345 345 346 346 346 346 346 346 346 346.5 347 348 348 348 348 349 349 349 348 350.5 351 351 352 352 354 354 355 354 353.75 355.5 357 357 357 359.75
344 344 343 343 343 343 344 344 344 344 345 345 345 345 345 346 345 344 343 344 346 345.25 345.5 346.5 346.25 346.5 347 347 346 347 347 347.25 347 347 347 346.75 347 347 347 347 347 346 346 345 346 346 347 345 345 346 346 346 346 346 346.75 347 347 348 348 349 349 349 348.5 350 350 350.25 350 352 351.5 352 353 353 354 355 355 357 355.75 357 360 359.5 358.75 362
345 346 346 346 345 345 345 344 344.25 345 345 345 345 345.25 346 346 345 345 344 344 346 347 348 348 348 346.25 342.25 347 348 348 348 348 349 348 348 348 348 349 349 347.25 347 346 346 346 347 346.5 347 347 346 346 346 347 347 348 347.5 347 346 348 347 349.25 350 351 349.75 350 351 352 352.5 354 353.75 353.75 356 356 355.25 357.75 358 358 360 361 361 362 362 363
346 346 347 347 346 346 346 345 344 345 345 345 346 346.75 347 347 346 345 345 345 346 346 349 349 348 347 344.75 346.5 348.5 349 348.5 349 349 349 348.5 348 348.5 349 349 348.5 348 347 347.5 346.25 347 347.5 347 348 348 347 347 347.5 347.75 348 348 348 347 349 348 350 351 351.5 352 351 352 353 354 355 354 356 357 357.25 357.5 359 360 360 361.75 361 362 362 363 362
346 346 347 347 347 347 346 345 346 346 346 347 347 347 348 348 346 346 347 346 347 348 349 349 349 349 346.75 345.25 349 349 349 349 349.25 350 349 349 349 350 350 349.5 348.5 348 349 349 348 349 349 350 349.5 349 348.5 349 348.25 349 349 349.25 349 349 350 350.25 351.25 353.5 353.5 351 354 356 355 356.25 357 358 359 359 360 360.25 362 361 362.5 362 364 364.5 365 363
346 346.5 348 348 348 348 346 345 346 346 346 347 348 348 348 348 347 346 348 347.25 347 349 347 349.25 349 349 348.5 346 349 349 349 349 350 350 350 350 350 350 350 349 348 349.5 349.5 350 349 349 350 350 350.5 350 349 350 349 350 350.5 351 350 348 351 350 352 354.5 355 350.5 354.75 357 357.5 358 358 360 360 360 361 362 362 362 363 364 365.25 365 365.5 366.5
346 347 348 348 348 348 346 347 346 345 346 345 346.75 348 348 348 348 346 349 349 349 350 349.25 348 350 350 350 347 349 349 350 350 350 351 351 351 351 351 351 350 350 350 351 351 350 350 351 351 351 351.5 351 351 353 353 352 353.75 353 350.5 350.25 355 350 356 356 352.25 353.5 359.25 359 360 360 360.5 361.75 362 362 362.5 363 363.5 365 366 366 367 366.5 368
346 347 348 348 348 348 346.75 348 348 345.5 348 347 346 348 348 348 348 346.5 349 350 350 350 351 349 350 350 350 349 350 350 350 350 350 351 351.5 351 351 351 351.5 350.5 349 351 351 351 350 351 352 352 352 351.5 353 353 354 355 354 355 356 353.75 352.75 356.5 353.5 357 358 357.25 353.25 360 361 361 361 362 362 363 363.5 364 364.5 365 366 366 367 367.5 368 368.25
347 348 348 347.75 348 348 348 348 347 347 349 349 346.75 346 349 349 349 346 350 350.25 351 351 351 349.5 351 351 351 350 348 351 350 351 352 352 351 352 352 352 352 351 350.75 352 352 351.5 352 353 353 354 354 354 355 355 354.5 357 357 357 357 352.5 356 356.5 358.5 351 360 360 353 361 361 362 361 362 362 363 365 366 366 367 368 370 370 370.5 371 370
348 348 349 348.25 349 348 347 348 346.75 348.5 347.75 350 349.75 347.25 349.5 349 349 348.5 349 351 351 352 351 351 350.75 352 351 349 348.5 351 352 353 351.75 352 353 354 353 354 353 350 352.5 352.25 353 353 353 353 354 356 356 356 356 356 356 358 358 358 357 354.25 358 356 360 350.5 357.75 362 359.5 361.5 361 362.25 362.5 363 362 363.5 365.5 366 366 367 368 371 371 371 371 373
348 349 349 349 349 348 349 348.75 350 351 351 351 351 351 349 351 350 350 350 352 352 352.5 352.25 351 352 353 352 349.5 350 353 353 354 354 354 354 355 354 355 354 353.75 354 354 354.5 355 353 353 355.25 357 356 358 358.5 358 358 358 358 356.5 359 359.25 355 361 359 355.5 361 360.75 362 359.25 362.75 363 364 364 365 367 366.75 368 368.5 369 371 372 371.5 371 374.5 376
348 348 349 349 349 349 349 349 350.25 351 351 352 352.5 351 349.5 351 350 351 348 351 353 353 352.25 351 353 353 353 352 350 353 354 355 355 354 354.75 355 355 355 354.75 355 355 356 355 356 355 355 353 358 358 359 360 359 359 359 360 357.75 359.25 360 356.25 362 360 359.25 362 357 360.25 359.5 360 364 365 366 367 367 368 369 369 371 372 373 373 372 374 375
