Data/Validationagain_2012/dem.asc
ncols         498
nrows         462
xllcorner     630394.26190114
yllcorner     6366264.2135407
cellsize      200
NODATA_value  -9999
[rows 222 to 258 of 462, columns 328 to 409 of 498]
515.75 518.75 518.5 522.25 525 526.5 526 526.5 529 532.75 530 527.5 526 525.25 525.5 525.5 525.5 528 528 527.75 529 528.5 528 528.5 529 529 529 526.75 526 528 530 531 532.25 534 532 499.5 492 497.25 503 534 536.5 541 540 540 540 540 541 541 542 546 547 547 550 552 556.75 558.5 563 564.75 567.25 568 570.5 572.75 572.5 572.5 578.25 580 578.5 582 588.5 594.25 599.75 602 603 604.25 -9999 -9999 -9999 -9999 -9999 -9999 -9999 -9999
522 521 521 523 526.25 528 530.5 530.5 531 530.5 527.75 525.25 525 526 526 527 526.5 528 528 529 529 529 529 529 529 529 529 526.5 526.75 527 530.25 532 533.25 534.25 534.5 498.5 494 498.25 501 514.5 524.75 540.75 541 541 541 541 541.5 542.25 544.5 546 548.25 549 551 552.75 558 559.75 563 566 569 569.25 572 573.75 575.75 575 580 582 582.5 582.75 589 594.25 603 603 604.75 606 -9999 -9999 -9999 -9999 -9999 -9999 -9999 -9999
524 526 527.5 530.25 531.5 532 532 530 529 527 526 525 525 525.75 526 528.5 529 529 529 530 530 531 531 530 530 530 528 530 530.75 528 529.5 533 534 536 537 507 498.25 498.5 497 508.75 528.25 539.25 541 543 542 543 545 546 547 547 549 550 552 555 560 562 565 567.25 570 572 573 575 577 578.25 581 583 585.25 587.5 594.25 598 603 605.25 607 609 -9999 -9999 -9999 -9999 -9999 -9999 -9999 -9999
527 528.75 531 531 531.5 532 530.75 528 528 527 527 526 525.5 526 528 530 530.5 531 530.5 530 531 531 532 531.5 531 529 528 531 531 528.75 530.75 535.5 535 536.5 539.75 520 525 502 500.75 506.5 528.5 541 542 544 544 543.5 545.75 547 547 547 549 550 552.25 556.75 562 563.75 565 566 571 572 575 576 577.25 579 581 582 587 589.75 595 598 604 606.5 609 610 -9999 -9999 -9999 -9999 -9999 -9999 -9999 -9999
528.25 532 531.5 531.25 531 530 529 528 528 528 527 527 528 527 530 531 531 531 532 532.25 533 533 533 533 533 531 530 533 533 534 533.25 537 538 539 540 541 530.5 511 500 510 517.5 527.5 542 544.75 546 544 546 548.25 549 549 549.75 550.75 553 556 561 562 564 565 570 571.75 575 577 579.25 580 582 584.25 587.75 590 596 599.75 604 606.25 611.75 613 616 -9999 -9999 -9999 -9999 -9999 -9999 -9999
527.25 529.75 531 530 529 530 529 529 528 528 528 528 529 529 530 531 531 532 532 533 533 534 534 534 534 531.75 532.5 534 534.25 535 534.75 535 539 540 541 541 539.5 504.5 501 501 503.75 520 542 545 546 546 546 547.25 549.75 549.5 551 551 552 554 560 562 563 566 570 571 574 576 579 581 583.75 586 588 591.25 597 601 605 608 611 613 615 -9999 -9999 -9999 -9999 -9999 -9999 -9999
528 529 529.5 530 530 530 529 529 529 528 528 529 531 530 531 531.5 531 532 533 533 533 535 536 536 535 534 533 534 536 537 538 537 536 538.5 539 541 539.5 520.5 508 504 504 512 526.5 542.5 547 549 549 547.25 549 550 551 551 551 553.25 556 559 562.75 565 567 569.5 573 575.75 578 580 585 587 590 593 597.5 601 604.75 608 611 613.75 616 617 -9999 -9999 -9999 -9999 -9999 -9999
528 531 532 532 531.5 532.75 530.5 530 531 530.5 530.5 530 531 531 531 532.25 532 532 533 533 535 536 536 536 536 534 534 536 537 538 538 539 538 538 539 541 542 534 517 506.75 504.5 509.25 513.5 534.75 547 550 549 549 549.5 550 550.5 552 553.75 555 557.5 559 561 565 568 569.25 572.75 575 577 579.75 583.5 586 590 594 596.5 599 605 607.5 612 614 616.25 619 -9999 -9999 -9999 -9999 -9999 -9999
531.75 532.25 533 534 534 535 534 534 534 534 533.75 532 532 532 533 533.25 533.5 533.5 533 535 537.25 538 537 538 538 534 533 537 538 539 539 539 539.75 539 540.25 542 543 539.5 530.5 518 515 509.25 516.5 532.5 545.25 551 551 552 553 553.5 553 553 556 558 561 562 565 565 567.5 569 571 573 576.75 580 585 586 590 593 596 599 604 608 613 614.5 617 618.5 -9999 -9999 -9999 -9999 -9999 -9999
533 535 534.5 534.25 536.25 538 537.25 536 536.5 536.25 535 533.5 532.5 533 533 535.5 536 537 536 537 538 539 538.5 538.5 538 536 535.75 537.25 539 539.5 540 540 541 539 540 542.75 544 540 533 524.5 519.75 508.25 513.75 529 539 551 553 553.5 554 555 554 555 555.75 559 561.25 563 566 567 567.5 571 571 572.75 580 582.25 585 587 590 593.75 597.5 600 605 607.5 612.5 614 617.5 619 -9999 -9999 -9999 -9999 -9999 -9999
537 536.5 538.25 539 539.75 541.5 541 539.5 542 540.25 539 538 537 539 535.5 537 540 541 540 541 541 540.5 540 539 538 538 538 538.25 540.25 541 542 542 541 541 542.75 544 545 545.25 542 537 525.5 512 511 519.5 534.25 552 554 554.75 558.5 559 558 556 557.25 559.25 563 564.25 566.25 569.75 571 573 574.5 574 581 584.75 588 589 592 594 597 601 606.25 610 613 615 617.25 619.5 622 -9999 -9999 -9999 -9999 -9999
539.25 540.5 541.75 543 541 544 544 543.75 545 543 541.25 543.5 541.5 539 539.5 538.75 540 543 542 542 542 541 541 540 538.5 540 540 540 541 542 542 543 541 543 544 545 545.75 547 547.5 539 535.5 523.75 515 514 521 542.5 555 557 559.25 560 560.5 559 559 561.25 563 565 568 570 574 575 577.5 578.5 582 585 587.75 589.75 594 595.75 597 600.5 606 610 614 615.5 617 619 622 623.75 -9999 -9999 -9999 -9999
544 545 546 546 546 546 547 548 546.25 546.25 545 545.5 545 543.5 544 544.5 544.5 543.5 544 544 543 542 541.5 541 542 542 541 541.5 542 543 543 542 542 544 545 545.5 546 547 547 547 544.5 540 524 515 515 519.5 540.75 557.5 561.25 561 563 561 561.25 565 567.25 568.25 570 571.25 575 577.5 581 582.75 580 583 589 591 594 596 598 601 606.75 610 614 616 618 620 622 622.5 -9999 -9999 -9999 -9999
546 546.25 546 546 547 547 548 548 548 547 547 546 546 545 546 545.75 546 545 545 545 543.5 542.5 542 543 543.5 543 542 542 543 543 542.5 542.5 542 543.5 545 545 546 548 548 548 547.25 541.5 525 516.25 514 518 531.75 551 561 561.75 564 563.75 563 566 568 569 571 573 575.25 578 581.75 584 583.25 583 588 590 595 597 599.25 601 606 608.25 613 615 618 620 620.5 620 -9999 -9999 -9999 -9999
547 547 547 548 548 549 549 549 549 548 548 547.5 547 547.5 547 548 548 547 547 547 545.75 543.75 544 544 544 543 542 542 542 544 544 544.5 544 543 545 547 547 548 549 549 548 542.25 535 523.75 520.25 520 532 549 559 559.5 565 566 567 568 569 570 574.25 577 579.25 581 584.25 586.25 587.25 586.5 585.75 589 594.25 597.25 600 602 604 606 610 612.5 616.5 619 618 616 616 -9999 -9999 -9999
547 547 547 549 549 549 550 550 550 549 548 548 548 548 548 549 548 548.5 548 547 546 544 545 544.5 544 542 543 544 544 544.25 545 545 545 544.75 545 546 548 547 548.25 549 547.75 545.75 539.25 530.5 523.5 520 532 533 543.25 537.75 565 566 568 570 570 571 575 577 581.25 582.75 585 587.25 590 590.5 590.5 592 595 596.25 600 600 602.5 606.5 608 609.5 614 616.25 616 615 616 -9999 -9999 -9999
547 547.5 547 550 551 551 551 551 550.75 548.75 548 548 549 549 548 549 550 549 549 548.75 546.25 546 547 543 543 545 544 545 545 545 546 547 547 547 546 546 547.5 549 549.5 549 549 551.5 552 543.5 532.5 522 524 525 528 527.5 544 564.5 568 570 571 573 576 578 581 583.25 587 589 591 592.5 593.5 596.5 598 598 600.5 602.25 604 604 608.5 609.25 612 613 613 613 616 -9999 -9999 -9999
548 548.25 549 551 552 552 552 552 551 548 549 549 549.5 549 548.5 549 550.5 550 549.75 548 548 547 547 545 545 546 544 544.75 545 545 547 547 547 548 548 547 548 550 551 551 552 553 555 554.25 547 527.25 525 524.5 527.25 528 534.5 556.75 568.5 571 573 574.5 577 578 581 584 587.25 589 592.25 593.75 596 598 599 599.75 604 605 605.5 606 606 607.5 610.25 612 611 612 615.5 618 -9999 -9999
550 550 550 551.5 552.75 553 553 552 549 549 549 550 550 550 550 551 551 550 550 549 548 547 548 547 546 546 545 545 547 547 546 547.25 547.5 549 550 549.75 550 552.25 553 553 555 556 557 557.75 547.75 535.5 532.75 528 533 533 534.5 542 571 572.25 575.75 578.25 579 580 582 584 588.75 590 593 596 598 599.25 601.5 603.25 606 607.25 608.25 610 607 607 608.5 609 611 612 614.5 617.75 -9999 -9999
552 551 551 551 553 553 553 550.75 550 549 549 550 551 551 551 552 551 551 550 549 548 547 548 548 547 546 548 548 547 547 547 547.25 549.25 551 552 551 551 553 555 555 555 558 559 560 555 536.25 533 535.5 535.75 534 534 546 572 574 577 578.25 581 581 584 586 588 590 594 596.75 600 600.75 603 604.75 607 609 611 610 608 607 607.25 609 612 613 615 616 -9999 -9999
553 553 553 552 553 554 553 552 551 549 549.75 551 552 551 552 552 551 551 551 550 549 548 549 549 549 550 549 550 549.25 548 549 550 551 553 552.5 552 553.5 555.25 556 557 558 559 561 562 563.75 547.5 540.5 545.25 539.5 534.5 539.5 546 560.75 558.75 556.25 569.75 581 583 585 587 589 592 595 597.25 601 603 604 607 609 610 611 611 611 610 609.5 610 612.25 614 616.5 620 622 -9999
553 553 553 554 554 554 553.75 553 551 552 552 553 552 552 552 552 551 551 551 551 550 548.25 549 549 550 551 551 550 551 550.5 550 551.25 552.5 554 554 553 555.5 557 556.5 559 560 559 562 564 566 564.25 552.25 545.5 541.75 537 537.5 538.5 543.25 548 544.5 561.25 579.25 582 585 587.25 591 592 596 598.75 602 604 606 608 609.5 610 611 610 610 610 611 611 613 615 618 621 623 -9999
553 553 553 554 554 554.5 554 553 552 554 554 554.5 554 553 553 553 552 551.75 551 551.75 551.75 549.5 550 550 550.5 551 551 551 553 553 552 553 554 555 557 557 556.75 559 559.75 561 562.75 563.5 562.5 565.5 566.75 570 572 565.5 546.25 549.5 542.75 539.5 540.75 542.25 543 553.5 567.5 556.75 576.25 587 592 594 597 599 602 604 606 607 609 609.5 609.5 610 610 610 610 611 613 615 618 620 623 -9999
553 553 553 554 554 555 554 554 552 555 555 555 555 554 555 553.75 554 551 550 552 552 551 551 552 552 552 553 552 553 555.75 554 554 555 556 558.5 559 559 560 562 562 564 566 565 567 569 572 573 575.5 557 559.5 558.25 544.25 543.75 543 544 545.75 548 550.5 573 582.5 591 592.25 597 599 602 604 606 607 609 609 609 609 609 609 610 611.25 614 615.75 618 620 623 625
553 554 554 555 555 555 555 555.5 554.75 556 557 557 556 555 555 554 554 552.25 553 553 552 552.5 553 554 555 554.5 554 553.5 555 556 558 556.5 558 560.5 560.5 561 562 561.5 563.25 565.5 566 567.25 569 570 572 574.25 576.5 578 577 576.75 572 554 547 551.5 557 548.5 548 549 550 554 570.25 585.75 594.5 597.75 601.75 603 605 606.25 608 608 608 609 609 609 610 611 614 616.5 619 621 623 625
554 554.5 555 555 555 554 555 556.25 557 557 558 558 556 555 554 555 554 553.5 553 554.75 552 553.5 555 556 556 556 555 555 555 556 559 558.5 560 562 562 563.5 565 564 563.25 567 567 568.75 570 571 572.5 576 578.25 579 580.5 582 578.25 568 554 557.75 564.25 561 550 549.25 552 554 555.25 579.75 591.5 593.5 597.75 599.25 604 606 605.5 607 607 607.5 608 608 610 611.25 614 616 619 621 624 625
556.5 556 556.5 555.75 554.75 556 557 558 559 559 559 559 558.25 557 556 557 556 555 556 556.25 554.75 555.5 557 558.5 558 558 558 559 558 560 561 560.5 561.75 564 565 566.75 566 567 567.5 569 570 569.25 571 573.5 575 576 580 581 583 584 584.5 581.5 576 578 577.75 569.5 562.25 558 574.25 560 553 558.75 562 571.5 579.5 587 592.5 591.75 602.75 603.25 605 606 602.5 604.25 609 610 613 615 617 619.5 622.25 623
557 557 558 556.25 556 557 558.25 558.75 559.5 560 560 559.5 559 558 556.25 557 556.5 556 558 557.75 556 558 559 559 559 559 560 561 560 562 564 563 564.25 566.5 567 568 568 569 570 571 571 571 572.75 575 576 577 581 582.25 584 585 586.5 587 584.5 588.5 588.5 582.25 573 576.75 583 572 554 555 557 563.75 561.5 563.5 566.5 566.5 596.5 603 603.5 604 589.75 590 602.5 608.5 612.25 614.5 615 617 621 622
558 559.5 559 558 559 558.5 558.25 561 561 561 561 561 560 559 559 559 558 558 559.5 560.5 559 561 561 560.5 561 562 563 565 564 565 567 567 566 568.5 570 569.75 569.25 570.5 571 572.5 572.25 573 574.75 577.25 578 580 582 584 586 586.25 588 591.25 593 593 594 593.75 590 592.5 590 581 563.75 556.5 566 562 562.5 563 565.5 567 568 588 602 599 577.25 574 577 593.75 610.25 611 613 613 618 621
559.25 560.5 560 560 560.5 560 559 561 562 562 562 562 561 559.5 560 559 559 559 560.75 562 561.5 561.5 562.5 561.5 562 564 565 566 567 567.5 568 570.25 569 570.5 572.5 572.5 572 572.5 573.5 574 574 575 576.5 578.5 579 582 583.75 585 587.25 588 589.75 592.25 594 594.25 596.5 597 597 598 597.75 582 573.25 565.75 581 567 562 563 568 566 567 572.75 592.25 582.25 574 574.25 578.5 581.5 605.75 608.5 608.25 613 617 619
559 561 561 562 562 561.5 561 562 562 563 562.5 563 562.75 561.5 561.25 561 561 562 562 563 564.5 564 563 565 565.75 567 568 568 569 571 571.5 572.5 573 574 575 575.75 574.5 576 578 578.5 578.5 579 579 583.25 583 584.75 586 589 591 591.25 592.5 593 595 596 597.25 599 601 602 603 601.5 592.5 595 590.75 577.5 579 573.25 571.5 575.5 569.75 569 570 573 577.5 580.75 580.75 580 584.75 591 590.5 600.5 616 617
561 562 562 562 562.5 563.5 564 564 565 565 565 564.5 565 564 563.5 563 564 564 564.75 566 567 567.5 566.25 567.25 569 570.5 571 571.5 572 573 573.5 574.5 576.5 577.5 578 577 578.5 579 581.25 581 581.5 582 582.75 586 587.5 589.5 589 590.75 593.5 594.5 596 595.5 596.75 598 599.75 601 603 603 605 606 606 604 599 591 597.25 600.5 594.25 581.75 574.5 571 572.5 573.5 580 584 587 583.5 583.5 581.75 586.75 587 606 616
563 563 563 563 565 566 565 565 566 566 566 566 565.25 566 565 565.75 567 566.5 566.25 569.5 569.75 569 569 570 571 573 572 574 574 575 576 577 577.5 579.5 579 580.5 583 582.75 581.25 584 584 584 586.75 588 589.25 592.5 591 592.25 595 597 597 598 597 599 601 602 603 605 606 607 606 606 601 590.75 602.75 603.75 602 587.5 582.5 577.5 576.5 583.25 584.5 590.5 585.5 585 587.25 588.25 588.75 589 591.75 610.5
565 564 564 566 566 568 567.5 567.5 568 567 567 567.75 567.5 566 567 568 569 570.5 570.5 571 573 572.5 573.25 574 574.5 575.5 576 576.5 578 578.5 578 579 581 582 582.75 586 585.5 587 585.5 586.5 587.5 588 590 592.5 594 595 595 594 596.5 599 600 599 601 601 602 603 605 606.75 608 608 607.5 607 604.25 596.75 604 604 605 600.75 596 597.5 597 601.5 604.5 604.5 586 595.75 607.5 603 591.5 590.5 593 593.5
564 564.25 565 567.5 567.5 569 569.5 569 569 568 567 568 569.5 567.5 569 569.5 570 571 571.25 572 575 576 574.5 577.5 578 578.5 579 579.5 580 582.5 580.75 581.5 583 584.5 585 588 588 589 589.5 590 589 591.5 590.25 595.5 596.5 597.25 597.5 597 597.5 601.75 602.75 602 603.5 604 604 605 606 607 609 609 608 608 602.25 595.5 604 605 605 601 600.5 607 608.5 609.5 608.5 605 595 610.25 612.5 609.75 602 602.25 595.5 594.5
565 567 568 569 570 571 570.75 570 569 569 570 571 571 570 570.5 571.5 571.5 573 576 575.25 575 579.5 580 580.5 582.5 581 581 583.5 584 584.5 586.5 587 587.5 591.25 589.75 590.75 592.25 594.75 595 595 595.5 596.75 597.25 599.25 600.5 601.5 604 603 603 604 605 605.5 606 607.5 609 608.75 608 609 610 611 610 607.5 599 603.75 605 606 605 604 607 609.75 611 612 613 613 612.5 615 615 615 615.75 615.75 604 611
567.25 568 569.75 570.75 571 572 572 571 570.5 571 572.75 571 572 572 574 574 574 577 577.25 580 577 580.25 583 582.5 582.5 584 584.5 586.5 589.5 588 591 592 592.5 593.5 594.5 592.5 596.5 598.5 596 596.75 600 602 603 603.5 602.5 605.5 608 604 606.5 608 608 608 608 609 612 609.75 609 610.75 611 612 611 608.5 602.5 608 606.5 606 605.75 604.5 609 611.5 612.25 613 615 615 615 616 616 617 618 618 617.5 617.25
