Data/Validationagain_2012/dem.asc
ncols         498
nrows         462
xllcorner     630394.26190114
yllcorner     6366264.2135407
cellsize      200
NODATA_value  -9999
[rows 185 to 221 of 462, columns 164 to 245 of 498]
349 349 349 350 350 350 348 348.5 351 351 351.5 351 351 350 351 352 351 352 350.25 348 352 353 352 353.5 352.25 353.5 353 349 353 353.5 353 354 355 356 355 356 356 356 356 355 355 356.5 357 357 356 356.75 354 357.75 359.25 361.5 361.75 361 360 361 363 361.75 360 360.5 359.5 359 361 360 362 363 358.75 364 362.25 363 365 367 367 368 369 370.75 371 373 373 374 374 373 373 375
349 349 349.25 350 351 350 349 351 351 351 352.75 351.75 352.75 350 353 353 352 352.25 353 351 352 353 354 354.5 351 354 354 351.5 354 356 354.25 356 355 356 356 357.25 357 357 356 355.25 356 358.25 357 358 358 356.25 357.25 357 360 362 363 361 361.75 363 363.5 363 360 360 361 360.25 361 356.75 363 364 361.75 364 362.75 364 365.5 366 367.5 368 369.25 371.75 372 373 373 374 374 373 373 374
349.5 350 350 350 352 351 351 351.25 352 353 354 354 353.5 352 353.75 353 354.75 353.5 353 354 352 354.5 356 356 351.5 356 355 353.5 356.5 357 357 357 357 357 358 359 357.5 358 358 357 357 359.5 358 359 358 358 358 359 358 362.25 363 363 363 363 364 363.5 360.75 362 362 363.5 360.5 359 363.5 364 366 365 366.75 365.25 367.5 368 370 370 371.25 372 372 373 373 374 374 374 374 374
350.5 350 350 350 352.5 351.75 353 354 353 354 355 355 355 353.5 351 352.5 355 355 352 355 352.75 354.75 356 356 355.25 354 357 352.5 358 358 357.5 356.25 358 358 358 360 357 358 358 358 358 359.75 358 359 360 360 357.25 361 359 363 363.25 363 363 364 364 362.5 360.5 363 362.5 364.25 364 361.5 361.75 365 366 368 368 367 369 368 369 369 370 372 373 373 373 374 374 374 374 374
352 351 352 352 352 352 354 354 355 354 356 356 356 355 354.5 351 355 356 356 355 355 353.25 357 357 358 353.75 358.75 356.25 358 359 358.5 359 358 358 358.5 359.25 359 360 359.25 360 360 361 360 360 360.25 361.5 359.75 361.5 363 364 365 364 365 365.25 366 365 362 363 365 366 367 367 364.75 367 368.5 369 369 368 369 369 369 370.25 369 372 373 373 374 374 374 374 374 374
353 353 352 352.5 352 353 354 355 356 354 357 356 356 355 355 353.5 356.5 357 355 355 356 356.5 357.5 359 358 356.75 359 359 356.5 360 359 359 359 359 360 359 360 360 360 361 362 362 361 361.75 362 362 361 363 364 361.75 365 365 367 368 368 365.75 364 364 365.5 367 368 368.5 367 368 369 369 370 368.25 368 369 369 369 369.5 372 372 373 373 374 374 374 374 374
354 354 353.25 354 354.75 354 355 356 358 357 356 358 356 356 357 356.25 357 358 356 357 358 358.5 355.75 360 359.5 361 358 359 356 360 360 359 359 361 361 360 360 361 361 361 361.75 362 362 362 363.25 362.5 362 365 366 365 363 365.25 366 368.5 368.75 367 366 367.75 365.5 368 368 369 369 368 368 369.5 369 368 368 369 369 370 371 371 371.25 372.5 373.5 375 375 375.5 375.5 376
354 354 353.75 354 355 355 356 357 358 358 356 358 358 357 358 358 358 358 357 357 359 359 360 356 361 361 359 360 359.25 361 361 361 362 362 361.5 361 361 361.25 362.25 363 362.5 364 363 363.5 364 364 365 365 366 367 365.75 367 367.25 368 369 370 367 368 368 367 366 368 370 369 369 369 368 368 368 370 370 371 370.25 371 372 373 373.5 375 376 376 377 377
355 355 355 355 356 355 356 357 358 356.75 358 358 359 357 358 358 358 358 359 357.5 359.5 360 361 357 360.25 361 357 359 360.25 361 361.75 362 362 363 362 361 361 362 363 363 364 364 364.75 365 364.5 365.5 366 366 365.75 367.5 366.75 367 368 369 369 370 369 369 368.5 367.75 369 369.75 370 369 368 369 368 369 369 369 370 371 372 371 372 373 374 375 376 377 377.5 378
356 356 356 356 355 355 357 358 357.25 356.5 356.75 359 359 358.5 358.25 359.5 356 359 359 360 360.5 360 361 362 357.5 360.75 360.5 360.25 362.75 361 363 364 363 363 363 362.5 361.5 363 364 364 364 366.5 365.5 366 366 367 367.5 369.5 367.25 369 370 368.25 369.5 371 370.25 370 369 367.25 368.25 369 369 369 368 368 368.5 369.25 370 369 370 370 371 372 372 372 372.75 374 375.5 375 376 378 379 379
356 356 356 356 356 356 357 357 358.25 356 356 359 359 358 358.25 360 358 359 359 360.25 361 361.75 361 362 360.25 358.25 358.75 360 363 361.25 363 364 365 364 364 364 363 364 365 366 366 366 367 367.5 367.75 368 369 370 370 369.25 371 370.5 370 370 371 369.25 368 368 367.75 369 368.75 369 369 369 370 370 370 371 370 370 371 372 372 373 374 376 376 376 376 378.25 380 380
354.25 357 357.5 357 358 358 357 359 359 355.5 358 357 360 358 359 360 358 356.5 360.75 361 362 362 362 362.25 364 359.25 363 360.75 364 363 364.5 366 366 365 365 365 365 365 366 367 367 367 368 368.5 368 370 370 371 371 371 371 370 370 370 369 368 368 368 368 369 368 369 370 370 370 371 371 372 372 371 372 373 374 374.25 376 377 377 378 378.5 380 381 381
357 356.25 358 358 358 358 358.5 359.5 358.75 356 359.5 358.5 361 359 359.25 361 359.75 359.25 361 361 362 363 363 364 365 364 363 362 365.75 366 366 367 367 365 366 366 366 366 367 368 367 368 369 370 369 370 370 371 371 372 372 371 369.75 368.5 369 367 368 369 369 370 370 369.75 371 370 371 372 371.5 373 372 373 373.5 373.25 374 375 376 378 378 378 380 381 381 381.75
358 358 357 359 360.5 359.75 359 360 360.5 358.25 359.25 360 361 361 362 362 363 362 361.75 363 363 364 365 366 365 366 366 363 366 367 367 367.5 367 366 366.25 367.75 367 367.25 368 368 367.5 369 370 369 369.75 370 370 371 371 371 371 370 369 368.5 366.75 368.25 368 368 367 370 371 371 372 372 372 373.25 373 372.5 374 374 375.5 375.25 375 376 378 379 380 380 380.75 382 382 383
359 360 358 360 362 361 360 362 361 360.75 359.5 362 362 362.5 363 363 364 363 362 363 364 364 366 366 366 367 367 365.25 367 366 367 367 367.5 367 367 368 368 369 369 368 368 369 369 370 369 370 370 370.25 370 369.5 370 368.5 369 371 369.75 368 369 369 367 368 369 371 373 373 372 373 373.75 373 375 376 376 377 376 377 380 380 380 382 382 383 383 384
359 360.25 359.75 361 362 362 363 362.5 362 362 360 362.5 363 364 365 365 363 364 363.75 364.5 364 366 367 368 368 368 368 367 368 366 368.75 369 368.5 368.5 368 368 367 368 369 368 367 368 369 369 368 369 369 369 369 369 368.5 366 366 370 370.5 369 370 371 370.75 371 370 372 373 373.25 373 374.75 374.5 375 376 378 377 378 379 379 380 381.25 383 382.75 383.25 384 384.25 385
358.25 359 361 361 362 363 364 363 363 364 363 363.75 363.75 364 365 365 364 364 365 365 365 367 368 368 367.25 368 368 367 367 366 370 370 368.75 368.5 369 369 367.5 367.5 369 368 367 367.75 368 368 368 369 368.5 369 369 370 370 368.5 370.25 371 370 371 371 371 371 372 371 373 373 374 376 376 377 377.5 377.5 378 379 379 380 381.5 381 383 384 384.25 384 385 386 386
360 360 361 362.25 364.5 364 364 365 364 364 365 364 365 365 366 365 365 364 365 365 365 367 367.75 367 367 367 368 367 365.25 366 369 370 370 368 368.25 368 367.75 368 368 367 367 367.75 368 367 367 369 368 369 370 371 372 372 371.5 373 373 373.5 373 372 372 374 373 374 374 374 376 377 377 378 378.5 380 381 381 382 382 383 384 384.5 386 386 385 388 388.5
362.5 364 363 363 365 364 365 364.5 365 365 365 365 365 365.75 366 366 365 364 365 365 365 366 367 367 367 366 367 366 365 366 368.5 368.5 368.5 366.75 367.25 367 366 368 367 367 367 367 368 367 368 369 369 369 370.25 372 372 373 373.5 373 374 374 374 373 372 374 374 376 375 375 375.75 378 378 378 380 381 381 382 382.75 383 384 384 385 386 387 387 388.5 389.75
365 364 363 363 363.5 364 364.25 365 366 366 366 366 366 366 366 366 365 363 363 364 365 365 366 366 366 365 365 365 365 365 365 365 365.5 365 366 365 366 365.25 367 368 367 368 369 368 368 370 370 370 371 372 372 374 374.5 373 374 375 374.75 374 375 375 376 378 377 377 377 378 378 379 381 381 382 383 383 384 384 385.25 387 388 388 389 389 390
364 364 363.25 363 363 364 363 365 366 365.25 365 365 366 365 366 365 364 363 364 364 365 365 365 366 365.75 365 362.5 363.5 364 363 364 364 364 365.5 366 367 365.25 366 365 368 368 368.5 370 370 368 370 371 371.5 372 373 373 374 375 374.5 375 376 376 375 375.75 377 376 379 378.5 378 378.5 378 379 380 382 381.5 383 383 383.25 385 385 386 388 389 388.5 389 390 391
363 363 362.25 361 363 363 364 365.25 365 365 361 361.75 366 366 365 364.25 364 363 364 363 364 364 364 363.5 364 363 363 362 362 362.75 363 364.25 365 367 367 368 367 367.25 366.75 369 369 370 371 371 370 369.75 371 372 373 374 375 375 376 376 376.25 378 378 378 375.5 379 378 379 380 380 380 379 379.25 382 382.75 383 384 384 384.75 385 386 387 389 390 389.5 390 391 392
361 361 361 362 362 362 365 365 365 363.75 361 364 366 365.75 364.25 365 364.25 363 362 361 361.5 363 363 362 362 362 362 362 362 363 364 365 367 367.25 368 369 368 368 369 368.5 370 370 371 372 371 371 372 372 373 375 375 376 376 377 377 378.5 379 379 379 379.5 379 379 380.25 381 381 381 380.5 383 383 384 384 384 385 386 387 388 389 391 391 390 392 393
360 360.25 361 361 361 362 361.5 363 363.5 362 364 364 365 365 363 362 360 361 361 360 360 361 361 362 363 362 363 363 363 364 365 367 368 369 368.75 370 369.25 369.5 369 369.5 372.25 372 372 373 372 372 373 374 375 377 378 377.5 377.75 379 380 379 379 380 380 378 380 380 380 382 382.75 381 381 382.75 384 384 385 386 387 387 388 390 391 392 393 392 391.5 393
358.75 360 360.5 359 359.25 361 361 362 362 363 364 363 363.75 361.5 361 360 361 361 361 361 361 361 362 363 364 363 363 363 364 365.75 366 368.25 369 369 369 370.5 370 371 370 369.75 374 373 372 374 372 373 374 375 375 377.75 379 378.5 378 380 380.75 380.5 379 380 381 380 379 382 381 382.75 383 382 382 382 384 385 385 386.25 387 388 390 391 392 393 393 392 392 393.25
357 358.5 358.25 358 360 360 362 360.5 362 363 359 359 361 359 361 362 363.25 364 362 363 363 363 363.25 364 365 364 365 365 366 365.25 368 370 370 370 371 372 372 373 373 372 373.75 375 373.5 376 375 376 375 377 377 379 379.25 380 380 380 381 382 382 381 381.25 381 381 382 382 382.75 384 383.75 385 383.25 383 385 386 387 388.25 389 391 393 393 394 395 393.5 393 395
357 357 356 358.5 359 360 361 359.25 359.75 360 358 358.5 359 360 362 363 364 365 364 363.5 364 364 364 364 365 365 366 366.5 367 366.5 367 370 371 370 371 373 374 374 374 373 372.75 375 375 376 375.5 377 376 377 379 379 379 381 382 379 380 382 381 382 382 382 383 382 382.75 383.5 385 384 386.25 384 383.25 386.5 387 388 390 390 392 393 393.25 394 395.5 395 395 398
356.5 356 356 356 358 357 358.5 357 357.5 358 359.25 360 360.75 360 363 364 366 366 366 365 365 366 365.5 365.5 365 366 367 368.5 368.5 369 369 370 372 371 373 373 374.5 375 375 376 373.25 377 378 376 377 378 377 379 380 381 381 382.25 383 381 381 383 383 383 384 384 384.25 386 383.75 384.25 386 387 388.5 386.25 384.5 388 388.25 389 390 391 392 393 394 395 396.75 396.5 397 399
356 357 358 358 359 357 360 359.5 357.25 361 361 361 362 362.5 362 364 367 367 367 366.25 366 366 367 366.5 365 367 368 369 369.5 370 371 370.25 372 372.5 373 374 375 376.75 376 377 376.5 376.5 378.75 376 377.75 378 378 378.5 381 381 381 383 384 383.75 382 384 384.5 384 385 385 385 385.5 386 385.25 386 388.25 388 388 387 387 389 390 390 392 392 393.75 395 396 396.75 397 398 400
357 358.75 360.25 360 359 359 362 362 361 361 363 363 363.5 364.5 366 365.5 366.5 368 368 367 367.5 367 368 367.75 368 368 369 370 371 370 371 370 372 375 375 374 374 377 378 378 377.5 375 379 380.25 377.75 379.5 379 380 382 382 382 383 384 385 384.25 384 386 385 384.5 386 386.5 386.25 385.75 388 388 389 389 389 390 389 390 392 392.5 392 393 395 396 398 398.5 399 401 402
357 360 361 361 360.5 362 363 362 362 362 365 364.5 365.5 366.5 367 367 368 367 369 368 368 368 369 368.5 369 369.5 370 370 371 371 372 370 372 376 377 375.5 376.75 377 378 378 378 377 379 381 380 379 380.5 381.75 383 383 383 383.25 384 385 386 384 385 385 384.5 387 388 389 389 387 390 389 390 390 390 391 390 392 393 394 394 395 397 399 400 400.5 402 404
358.5 361 361.5 362 361 363 364 363 364 365 366 367 367 368 368 368.25 367 366.75 370 369 369 370 370.25 370 371 371 372 371.5 372 373 374 372.75 372 377 378 377.25 379 378.25 379 380 381 381 380 380 382 380 382 382 384 384.75 383 384.25 385 386 387 386 385 387 388 387 389 391 391 389 389 391 390 392 392 392 391 392.75 394 396.5 396 396.75 399.25 401 401 401 402.25 404
359.5 361 362.5 363 363 362.25 364 364 366 366 366 367 367 368 369 370 369 368 370 370 370 370 371 371 372 371 373 373 373 375 374 373 374 376.25 379 379 378 378 380 381 382 382 382 380.5 381.25 381.25 383 382 384 385 384 386 386 386 388 387 387 389 389 387 389 391 392 391.75 390 392 391 392.75 393 392 393 394 395 397 398 400 401 401 401 402 403.75 405
360.5 360 363 364 365 363 365 366 367 367 368 369 370 370.75 371 371 370.75 368.5 372 372 371.25 372 372 373 373 372 373 374 374 377 377 375 377.75 378 380 381 380 380 382.25 382 383.5 384 384.25 384 383 384 384 383 385 386 386 386 386 387 388.25 389.5 389 389 390 391 390 392 393 393.5 391.75 392 393.25 394 395 395 394 395 395.75 398 400 401 401 401.5 403 403 405 405
363 362 364 365 366 365 367 367 368 369 369.75 370 370 371 372 373 373 370 373 373 372 373 374 375 374.5 373 374 375 375 377 378 376 378 379 380.5 381 382 382 382 384 385 385 386 385 384 386 385 384 386 387 387 387.5 387 388 389 390 391 389 390 391.75 391 393 394 395 395 394 395.5 395 396 396 396 396 397 399 401 402.5 402 403 405 405 405 406
365 364.5 365 366.5 367.75 367 366 369.75 369 370 370 370.5 372.25 372.5 373 374 373.25 371.5 373.25 374 375 376 376 375.75 375 375.75 375 376 378 379 380 379 380 379 380 383.25 384 385 381.5 383.75 386.75 387.5 386 387 386.5 387 387.5 385 387 389 389 388 388.75 388 390 391 392 392 392 393 393 395.25 396.5 396 397 397 397 396 397.5 397 397 398 399.5 401.75 403.75 405.75 407 407.5 408 409 407.5 408
367 366 365 367 369 368 367 371 371 371.75 372 372 373 374 374 374 376 373.5 374 375 376.25 378 377 377 376 377 377 377 379.25 381 380.5 380 381 381 381 383 384 385.5 385.5 385 386 388 388 388 387 388.25 389 387.5 387 389 389 390 390 387.5 389.75 391.75 393 393 393 393 395 396.75 399 397 398 399 397.25 398 399 398 398 399 400 404 408 410 408.5 410 410 410 409 410
