Data/Validationagain_2012/dem.asc
ncols         498
nrows         462
xllcorner     630394.26190114
yllcorner     6366264.2135407
cellsize      200
NODATA_value  -9999
[rows 333 to 369 of 462, columns 164 to 245 of 498]
480.5 481 482 482.5 483 483 484 484.5 481.5 481 479.5 480 481 481 481 481 482 483 483.5 484 485 486 487 486 486 487 487 488.5 490 492 493 494 495 497 498.25 502.25 504.75 506 508 509 510 510 510 508.5 508 509 509 510 510 509 509 510 510 511 511 512 514 515 516.5 520 521 523 525 526 528 532 533 534 535 536 536.5 540 542 543 545.75 551 554.5 560.5 569 575 577.75 583
481.5 482.5 483 483 483 484 480.5 478 477 479 480 480 480 481 481 481 483 484 485 486 486 486 487 488 488 488 488 489 490 492 493 494 495 497 498.25 501 504 506 506.75 508 509.25 509 507.5 507.5 507 508 508.5 507.75 508 508 508 509 510 511 511.25 514 514 515.25 517.25 520 523 525 526.75 528 528 531 532 534 534 536 538 539 540.25 543.75 547 552.75 554 561.75 570 578 581 586
483 483 482 481 483 479.5 477 478 478 479 480.25 480 480 480 481.25 482.75 484 485 487 487 487.5 488 488 489 489 488.5 488 489 490 491 493 494 495 498 499 501 503.25 505 506.25 508 508 508.75 507 506.25 507 507 508 507 508 509 509 510 511 511.5 512 513 515 517 518 521.25 523 526 527 529 530 532 534 534 535 536 538 539 541 543.25 546.25 554 555 564 570.75 578.25 582 586
480.5 479.25 480.5 477 477 477 476.5 477 478 478 481 481 481 482 483 484 485.25 487 489 490 490 490.5 490 490 490 490 489 490 490 491 492 494 496 498 499 500 501.5 503 505 506.25 506.5 507.5 507 505 505 507 507 508 507.75 509 510 511 512 514 515 517 517.75 519 519.75 523 525 527.25 527 528 530 533 534 535 536 537 538 539 541 545.5 547 553.25 555 564.5 571.25 579 580 586
477.25 477 477 477 477 477 477 477 479 479 479 479.5 480.75 482 483.5 485 487 487.25 489 490 490.5 491 491 491 491 490.5 490 490 491 492 492 494.25 496 498 499 499 500 501.5 503 504.5 505 507 505.75 504 505 507 506 506.25 508 509 509 510.25 512.5 515 516 518 519 520 521 523.25 526 528 529 528.5 530 533 534 535 536 538 538 539 541 546 548 554 555 561.5 567.75 575.75 580 586
475 476 476 477 477.5 476.25 476 477 479 478 481.5 482 482.5 481.25 482 483.75 487 488 489.25 490 491 492 492 492 492 492 491 490.25 491 492 493 494 495 497 498.75 499 499 500 500.5 502 504 504 503 504 504 505.5 505 506 509 511 512 511.5 513 515 516 518 520.25 522.75 523 525 527 529 530 530 531 533 533 534 536 537 538 539 542 544.75 547 552 553.25 559.25 565.5 575 578.25 579.5
475 476 476.5 477 478 478.5 478 478 480 481.5 484 485.75 486 482.5 483 483 486 488 490 491 491.75 492 492.25 493 492 492 491 491 491.5 492.75 494 494 495 496 497.75 499 499.5 499 500 500.25 502 503 503 503 504 504 505 506 508 511 512 514 514 515 517 519 521 523 525 526 528 528.25 529 530 531 533 533 534 534.25 536.5 538 539 541.5 544.5 548 551.75 555 558.5 570 574 577 575
476 475 477 480 482.5 481.75 479 479 480 484.75 486 487 488 482.25 482 483 484 486 489.5 491 491 492 493 493 493.25 493 492 492 492 493.25 495 497 496 496.5 498.5 499.5 500 501 501.25 500.5 501 503 503 504 504.25 504 504.75 505 506 511 512 514.25 516 517.5 518 521.5 522 523 525.75 528 528 527 528 529 529.25 531.5 532.5 534 536 536.5 537.25 539.75 543 546 547 550 555 560.5 567 569 569.5 570.75
476.5 476.75 479 481 483 483 480 479.75 483.25 485 487 487 488 488 484.5 483.75 482.5 484.25 488 489 487.5 491 493 493 494 494 493 492 493 494 495.25 497.25 498 498.25 499 500 500.5 502 502 503 503 502.5 501.25 503 504 505 504 506.25 507 510.25 511 513 516 519.25 520 523 523 524 527 528 528 527 527 528 529 532 533 534 536 537 538 541.5 543 546.75 548.25 551 555 558 566 568.5 565 564.5
480 479.5 481.75 483 484 485 484.25 481 484 486 488 488.5 488.5 489 490 490 484.75 484 484 485 484 487.75 493 493 494 494 494 494 494 495 496 498 498 499 500 501 502 502 503 503 503.75 503.25 503 503 503.5 504 505.75 507.5 509 511 514 516.25 517 518.75 521 522 524 525 526 529 529 528 528 529 530 531 534 535 535.75 537 539 543 543.25 547 549 553 555 558.75 561 -9999 -9999 -9999
480.5 480 482 484 485.5 485.5 483.5 482 483 487 488.5 489 489 489 490.25 491 490 485.5 487 486.25 484 484.75 489.75 493 494 494 494 494 494.25 495 496 498 498 499 500 501 502 503 503 503 504 504.25 505 504 504.75 506 506 509 511 513.75 515 518 518 520 521 523.75 524 525 527 529 530 529 529 529 530 531 533 535.75 535.25 538 540 544 545 547 550 552.25 556 -9999 -9999 -9999 -9999 -9999
482 481 483 484 487.25 487 481 481 487 487.5 489 489 490 490 491 492 493 492.25 489.5 487.5 488 488 488 488.5 494 494 494 495 496 496 496 498 499 499 501 502 503 504 503 503 504 505 505 505 505.25 507 509 510 512 516 517 518.75 521 521 522 524 525 527 528.5 529 530 530.5 530 530 531 531.75 534 535 537 538 540 543.25 544 547.75 -9999 -9999 -9999 -9999 -9999 -9999 -9999 -9999
482 483 484 485 487 487.75 483.25 483 484.75 483.75 485.5 485.25 490 491 492 492 493 493 491.5 487.25 488 487 487 486 494 494.75 496 496 496 497 497 498 499 500 501 502 503 504 504 504 504 506 506 505.25 506 509 510 512.75 513.5 516 517.25 520 521 523 523 523.5 525 528 529 530 530.75 531 531 531 531 533 534 536 536 539 540 -9999 -9999 -9999 -9999 -9999 -9999 -9999 -9999 -9999 -9999 -9999
484 484 485 485 486 487 487.5 486.75 483 484.5 485 487 491 492 492 492 493 493 490.5 488 488.5 487.75 487 488 495 496 497 498 498 498 498 500 499.25 501 502 503 504 504 504 504 505 506.25 507 506.5 509.25 512 512.75 515 517.25 518.5 520 522 522.5 524 525 525.5 526 528 529 530 531 532 532 531 532 534 534 535 -9999 -9999 -9999 -9999 -9999 -9999 -9999 -9999 -9999 -9999 -9999 -9999 -9999 -9999
484 484 485 485.75 487 487.5 488.5 488 488 488.5 488 486.5 490.25 492 492 492.75 493 494 495 492 489.75 492.25 489.25 490 495 496 497 498 498 498 500 500 500 501.25 502 504 504 504 504 505 506 507 507 508 510.25 514 514.25 517 518 521 521 522 522.75 524 524 526 527 528 529 530 530 532 532 532 532.25 -9999 -9999 -9999 -9999 -9999 -9999 -9999 -9999 -9999 -9999 -9999 -9999 -9999 -9999 -9999 -9999 -9999
485 486 486 486.25 488 489 490 489 489 490 491 488.5 488.25 489.25 493 493.5 494.25 496 497 497 495.5 497 487.75 488 494.75 496 497 498 499 499.75 500 500 500.75 502 503.25 505 504 504 505 505 506 507 507 510 513.25 516 518 519 520 522 523 524 525 525 524 525 526 527 527 529 530 -9999 -9999 -9999 -9999 -9999 -9999 -9999 -9999 -9999 -9999 -9999 -9999 -9999 -9999 -9999 -9999 -9999 -9999 -9999 -9999 -9999
486 487 486 487 489 490 490 490 490.75 491 492 490 487.5 489.25 494 494.25 495.75 496 497 497 498 497 495.25 488 492.5 495.5 498 498 499 500 500 501 501 503 504 504.25 504 505 505.25 506 506.75 507 508 509 512.5 517 519 521 521 522.75 524 525 525 525 525 524 524.5 526 527 -9999 -9999 -9999 -9999 -9999 -9999 -9999 -9999 -9999 -9999 -9999 -9999 -9999 -9999 -9999 -9999 -9999 -9999 -9999 -9999 -9999 -9999 -9999
486 487 487 488 489 490 491.5 491 492 492 492 492 489 488.25 494 495 496 497 497 497 498 498 497 495 491 491.5 496 498 499 499 500 502.75 502.25 503.75 505 506 505 506 506 507 507 508 509 510 512.5 519 520 522 522 523 524 524 524 524 524 -9999 -9999 -9999 -9999 -9999 -9999 -9999 -9999 -9999 -9999 -9999 -9999 -9999 -9999 -9999 -9999 -9999 -9999 -9999 -9999 -9999 -9999 -9999 -9999 -9999 -9999 -9999
486 487 487 489 490 490 491 492 492.5 493 492 492 490.25 489 494 494 495.5 497 498 498 498 499 498 493.75 492 490 489 496.25 499 500 501 502 503 504 505 506 506 507 507 507 507 508 509 511 511 518 520 522 523 524 524 524 524 -9999 -9999 -9999 -9999 -9999 -9999 -9999 -9999 -9999 -9999 -9999 -9999 -9999 -9999 -9999 -9999 -9999 -9999 -9999 -9999 -9999 -9999 -9999 -9999 -9999 -9999 -9999 -9999 -9999
487 487 489 490 490 491 491 492 493 493 493 490 489 490.75 494 495 495 496 498 498 499 500 499 496.75 493 490.25 489.5 495 499 501 501.25 502.75 503.5 504 506 507 507 508 508 508 508 509 510 511 513.25 518 520.5 521 522 -9999 -9999 -9999 -9999 -9999 -9999 -9999 -9999 -9999 -9999 -9999 -9999 -9999 -9999 -9999 -9999 -9999 -9999 -9999 -9999 -9999 -9999 -9999 -9999 -9999 -9999 -9999 -9999 -9999 -9999 -9999 -9999 -9999
488 488 489 490 491 491 492 493 493 493.5 493.5 492 492.5 492.5 494 495 496 496.75 498 499 500 500 499 495 490 491.25 491 494 495.25 500 501 502.75 504 505 506 506.25 507 508 509 509 509 510 510.5 512 515 519 -9999 -9999 -9999 -9999 -9999 -9999 -9999 -9999 -9999 -9999 -9999 -9999 -9999 -9999 -9999 -9999 -9999 -9999 -9999 -9999 -9999 -9999 -9999 -9999 -9999 -9999 -9999 -9999 -9999 -9999 -9999 -9999 -9999 -9999 -9999 -9999
489 489 490 491 491 492 492 492.75 493 494 494 490.75 491.5 494 495 495.75 497 497 498 498.5 500 500 499 498 491 492 492 493 494.25 498.5 499.5 501 502.5 503.75 505.5 506 506.75 508 508.75 509 510 511 512 513 -9999 -9999 -9999 -9999 -9999 -9999 -9999 -9999 -9999 -9999 -9999 -9999 -9999 -9999 -9999 -9999 -9999 -9999 -9999 -9999 -9999 -9999 -9999 -9999 -9999 -9999 -9999 -9999 -9999 -9999 -9999 -9999 -9999 -9999 -9999 -9999 -9999 -9999
488.25 489 490 491.25 492 492 493 493 494 494 493 491 492.25 493.5 495 496 497 498 499 500 501 500 499 498 494.5 492 492 493 496 496 495 496 499.5 502 503.75 505.5 507 507 508 509 509 -9999 -9999 -9999 -9999 -9999 -9999 -9999 -9999 -9999 -9999 -9999 -9999 -9999 -9999 -9999 -9999 -9999 -9999 -9999 -9999 -9999 -9999 -9999 -9999 -9999 -9999 -9999 -9999 -9999 -9999 -9999 -9999 -9999 -9999 -9999 -9999 -9999 -9999 -9999 -9999 -9999
490 490 490 492 493 493 493 494 494 494 493 492 493 493 494 495 497 498 498 499 500 501 500.5 500 500 498.75 495.5 492 494 493.5 495 495 496.75 497.25 501 501.75 504.75 -9999 -9999 -9999 -9999 -9999 -9999 -9999 -9999 -9999 -9999 -9999 -9999 -9999 -9999 -9999 -9999 -9999 -9999 -9999 -9999 -9999 -9999 -9999 -9999 -9999 -9999 -9999 -9999 -9999 -9999 -9999 -9999 -9999 -9999 -9999 -9999 -9999 -9999 -9999 -9999 -9999 -9999 -9999 -9999 -9999
490 491 492 492 493 494 494.5 495.5 494 494 493 490 492 493 493 494.25 497 497 498 499 499 501 501 501 501 500 498.5 492.5 493 492 493.25 496 496.25 495 498 -9999 -9999 -9999 -9999 -9999 -9999 -9999 -9999 -9999 -9999 -9999 -9999 -9999 -9999 -9999 -9999 -9999 -9999 -9999 -9999 -9999 -9999 -9999 -9999 -9999 -9999 -9999 -9999 -9999 -9999 -9999 -9999 -9999 -9999 -9999 -9999 -9999 -9999 -9999 -9999 -9999 -9999 -9999 -9999 -9999 -9999 -9999
491 491.25 493 493.5 494 495 496 496 497 495 493 492 493 493 494 495 496 497 497 498 499 499 501 502 503 502 501 500.25 496 493 494.5 -9999 -9999 -9999 -9999 -9999 -9999 -9999 -9999 -9999 -9999 -9999 -9999 -9999 -9999 -9999 -9999 -9999 -9999 -9999 -9999 -9999 -9999 -9999 -9999 -9999 -9999 -9999 -9999 -9999 -9999 -9999 -9999 -9999 -9999 -9999 -9999 -9999 -9999 -9999 -9999 -9999 -9999 -9999 -9999 -9999 -9999 -9999 -9999 -9999 -9999 -9999
491 492 493 494 495 495.5 497 497 497 496 494.5 493 491 492.5 494 495 496.5 497 497 497 498.25 499 501 502 502 503 502 501.25 -9999 -9999 -9999 -9999 -9999 -9999 -9999 -9999 -9999 -9999 -9999 -9999 -9999 -9999 -9999 -9999 -9999 -9999 -9999 -9999 -9999 -9999 -9999 -9999 -9999 -9999 -9999 -9999 -9999 -9999 -9999 -9999 -9999 -9999 -9999 -9999 -9999 -9999 -9999 -9999 -9999 -9999 -9999 -9999 -9999 -9999 -9999 -9999 -9999 -9999 -9999 -9999 -9999 -9999
492 493 494 494 496 496 497 497 497 496 495 494.25 491 493 493 494 495 496 498 497 498 499 501 502 502 -9999 -9999 -9999 -9999 -9999 -9999 -9999 -9999 -9999 -9999 -9999 -9999 -9999 -9999 -9999 -9999 -9999 -9999 -9999 -9999 -9999 -9999 -9999 -9999 -9999 -9999 -9999 -9999 -9999 -9999 -9999 -9999 -9999 -9999 -9999 -9999 -9999 -9999 -9999 -9999 -9999 -9999 -9999 -9999 -9999 -9999 -9999 -9999 -9999 -9999 -9999 -9999 -9999 -9999 -9999 -9999 -9999
492 493.5 495 495 496 497 497 497 497 496 495 495 493.25 495 494.5 492 495 496 498 497 498 499 -9999 -9999 -9999 -9999 -9999 -9999 -9999 -9999 -9999 -9999 -9999 -9999 -9999 -9999 -9999 -9999 -9999 -9999 -9999 -9999 -9999 -9999 -9999 -9999 -9999 -9999 -9999 -9999 -9999 -9999 -9999 -9999 -9999 -9999 -9999 -9999 -9999 -9999 -9999 -9999 -9999 -9999 -9999 -9999 -9999 -9999 -9999 -9999 -9999 -9999 -9999 -9999 -9999 -9999 -9999 -9999 -9999 -9999 -9999 -9999
494 495 495.5 495 496.25 497 497 498 497 496 496 495 495 495 496 495 494 496 -9999 -9999 -9999 -9999 -9999 -9999 -9999 -9999 -9999 -9999 -9999 -9999 -9999 -9999 -9999 -9999 -9999 -9999 -9999 -9999 -9999 -9999 -9999 -9999 -9999 -9999 -9999 -9999 -9999 -9999 -9999 -9999 -9999 -9999 -9999 -9999 -9999 -9999 -9999 -9999 -9999 -9999 -9999 -9999 -9999 -9999 -9999 -9999 -9999 -9999 -9999 -9999 -9999 -9999 -9999 -9999 -9999 -9999 -9999 -9999 -9999 -9999 -9999 -9999
495 495 496 496 497 497 498 497 497 497 496.5 495 495 495 496 496 -9999 -9999 -9999 -9999 -9999 -9999 -9999 -9999 -9999 -9999 -9999 -9999 -9999 -9999 -9999 -9999 -9999 -9999 -9999 -9999 -9999 -9999 -9999 -9999 -9999 -9999 -9999 -9999 -9999 -9999 -9999 -9999 -9999 -9999 -9999 -9999 -9999 -9999 -9999 -9999 -9999 -9999 -9999 -9999 -9999 -9999 -9999 -9999 -9999 -9999 -9999 -9999 -9999 -9999 -9999 -9999 -9999 -9999 -9999 -9999 -9999 -9999 -9999 -9999 -9999 -9999
495 496 497 497 497 497 498 498 498 497 496 495 495 495 -9999 -9999 -9999 -9999 -9999 -9999 -9999 -9999 -9999 -9999 -9999 -9999 -9999 -9999 -9999 -9999 -9999 -9999 -9999 -9999 -9999 -9999 -9999 -9999 -9999 -9999 -9999 -9999 -9999 -9999 -9999 -9999 -9999 -9999 -9999 -9999 -9999 -9999 -9999 -9999 -9999 -9999 -9999 -9999 -9999 -9999 -9999 -9999 -9999 -9999 -9999 -9999 -9999 -9999 -9999 -9999 -9999 -9999 -9999 -9999 -9999 -9999 -9999 -9999 -9999 -9999 -9999 -9999
495 496 497 497 497.5 498 498 499 499 498 496 -9999 -9999 -9999 -9999 -9999 -9999 -9999 -9999 -9999 -9999 -9999 -9999 -9999 -9999 -9999 -9999 -9999 -9999 -9999 -9999 -9999 -9999 -9999 -9999 -9999 -9999 -9999 -9999 -9999 -9999 -9999 -9999 -9999 -9999 -9999 -9999 -9999 -9999 -9999 -9999 -9999 -9999 -9999 -9999 -9999 -9999 -9999 -9999 -9999 -9999 -9999 -9999 -9999 -9999 -9999 -9999 -9999 -9999 -9999 -9999 -9999 -9999 -9999 -9999 -9999 -9999 -9999 -9999 -9999 -9999 -9999
496 497 497 498 499 498.5 499 -9999 -9999 -9999 -9999 -9999 -9999 -9999 -9999 -9999 -9999 -9999 -9999 -9999 -9999 -9999 -9999 -9999 -9999 -9999 -9999 -9999 -9999 -9999 -9999 -9999 -9999 -9999 -9999 -9999 -9999 -9999 -9999 -9999 -9999 -9999 -9999 -9999 -9999 -9999 -9999 -9999 -9999 -9999 -9999 -9999 -9999 -9999 -9999 -9999 -9999 -9999 -9999 -9999 -9999 -9999 -9999 -9999 -9999 -9999 -9999 -9999 -9999 -9999 -9999 -9999 -9999 -9999 -9999 -9999 -9999 -9999 -9999 -9999 -9999 -9999
497 497 497 498 -9999 -9999 -9999 -9999 -9999 -9999 -9999 -9999 -9999 -9999 -9999 -9999 -9999 -9999 -9999 -9999 -9999 -9999 -9999 -9999 -9999 -9999 -9999 -9999 -9999 -9999 -9999 -9999 -9999 -9999 -9999 -9999 -9999 -9999 -9999 -9999 -9999 -9999 -9999 -9999 -9999 -9999 -9999 -9999 -9999 -9999 -9999 -9999 -9999 -9999 -9999 -9999 -9999 -9999 -9999 -9999 -9999 -9999 -9999 -9999 -9999 -9999 -9999 -9999 -9999 -9999 -9999 -9999 -9999 -9999 -9999 -9999 -9999 -9999 -9999 -9999 -9999 -9999
496.75 -9999 -9999 -9999 -9999 -9999 -9999 -9999 -9999 -9999 -9999 -9999 -9999 -9999 -9999 -9999 -9999 -9999 -9999 -9999 -9999 -9999 -9999 -9999 -9999 -9999 -9999 -9999 -9999 -9999 -9999 -9999 -9999 -9999 -9999 -9999 -9999 -9999 -9999 -9999 -9999 -9999 -9999 -9999 -9999 -9999 -9999 -9999 -9999 -9999 -9999 -9999 -9999 -9999 -9999 -9999 -9999 -9999 -9999 -9999 -9999 -9999 -9999 -9999 -9999 -9999 -9999 -9999 -9999 -9999 -9999 -9999 -9999 -9999 -9999 -9999 -9999 -9999 -9999 -9999 -9999 -9999
-9999 -9999 -9999 -9999 -9999 -9999 -9999 -9999 -9999 -9999 -9999 -9999 -9999 -9999 -9999 -9999 -9999 -9999 -9999 -9999 -9999 -9999 -9999 -9999 -9999 -9999 -9999 -9999 -9999 -9999 -9999 -9999 -9999 -9999 -9999 -9999 -9999 -9999 -9999 -9999 -9999 -9999 -9999 -9999 -9999 -9999 -9999 -9999 -9999 -9999 -9999 -9999 -9999 -9999 -9999 -9999 -9999 -9999 -9999 -9999 -9999 -9999 -9999 -9999 -9999 -9999 -9999 -9999 -9999 -9999 -9999 -9999 -9999 -9999 -9999 -9999 -9999 -9999 -9999 -9999 -9999 -9999
