Data/Validationagain_2012/slope.asc
ncols         498
nrows         462
xllcorner     630394.26190114
yllcorner     6366264.2135407
cellsize      200
NODATA_value  -9999
[rows 174 to 202 of 462, columns 195 to 259 of 498]
0.2061003 0.309084 0.3165142 0.2870355 0.2864765 0.3267308 0.3651854 0.2610052 0.1146473 0.1524546 0.1432392 0.1132406 0.1432392 0.2334504 0.1790487 0.1843419 0.3038539 0.1825946 0.151928 0.1012855 0.1132406 0.1825946 0.2435319 0.2178218 0.1303496 0.1540237 0.1790487 0.1965461 0.268572 0.302002 0.3519994 0.2779571 0.2788208 0.3001386 0.4479721 0.609008 0.5725189 0.4208536 0.4924549 0.5606381 0.4885336 0.4601503 0.4684354 0.5153558 0.6229281 0.804076 0.8873528 0.714816 0.6824721 0.7247241 0.6455442 0.5561894 0.6817673 0.6466604 0.5983888 0.6350314 0.5479152 0.5016449 0.5141103 0.5412935 0.5454231 0.4885336 0.5604951 0.7019204 0.7849142
0.266174 0.2776686 0.2830995 0.2282428 0.1969535 0.252261 0.2830995 0.304381 0.2796817 0.2408848 0.2041468 0.1981705 0.1869323 0.2061003 0.1476475 0.1621356 0.3397182 0.3651854 0.2148582 0.1843419 0.2282428 0.266174 0.2606979 0.2001824 0.1777008 0.1601462 0.1601462 0.1763426 0.3856782 0.3227823 0.3759982 0.3798154 0.304381 0.3565239 0.4490442 0.5651936 0.4699726 0.4300831 0.6111097 0.6300908 0.5729387 0.6046502 0.6730135 0.6215115 0.6517212 0.7250558 0.6184093 0.4244562 0.407699 0.4255875 0.3165142 0.3680273 0.5408492 0.5449821 0.5219995 0.4225639 0.2088047 0.382758 0.5725189 0.6160724 0.5690089 0.5653353 0.6366698 0.7144796 0.6837625
0.1415506 0.1303496 0.204539 0.2088047 0.1432392 0.2025703 0.1790487 0.2211085 0.318785 0.3313585 0.309084 0.394309 0.3598799 0.2892606 0.2887059 0.3517717 0.4152945 0.4870551 0.4429347 0.3651854 0.2889834 0.2095709 0.181273 0.2254162 0.3457974 0.3455656 0.3202898 0.3286873 0.4298967 0.358094 0.3856782 0.4255875 0.3195383 0.5570531 0.5365351 0.4608464 0.3850543 0.4820937 0.6431813 0.5172185 0.4944038 0.5853915 0.603589 0.4952136 0.4965065 0.387337 0.2892606 0.3930876 0.4191362 0.3049071 0.1601462 0.4476142 0.36868 0.2185565 0.2408848 0.2830995 0.3420692 0.4371066 0.5412935 0.5661852 0.5465972 0.6401842 0.6852843 0.6410598 0.4195184
0.08952458 0.151928 0.1650749 0.2402184 0.2506675 0.2402184 0.1843419 0.1540237 0.2264803 0.1790487 0.2606979 0.3723571 0.4255875 0.3313585 0.3059567 0.3625424 0.3517717 0.3738606 0.4090727 0.3406605 0.2955644 0.2513061 0.3009386 0.3621 0.4152945 0.3001386 0.2025703 0.266174 0.2733048 0.4820937 0.4699726 0.4564783 0.1722036 0.7366772 0.5646262 0.5167534 0.5095698 0.5853915 0.6263918 0.4711647 0.4476142 0.5084678 0.4916405 0.3344879 0.2922924 0.3227823 0.4244562 0.513018 0.4365562 0.4508253 0.5195374 0.6341475 0.472693 0.3062185 0.3227823 0.5070474 0.5314326 0.4176038 0.4585802 0.354495 0.5120799 0.5845696 0.4214244 0.2788208 0.04003664
0.1566038 0.1903313 0.1722036 0.2532123 0.2864765 0.2532123 0.1825946 0.1772492 0.2643613 0.1977656 0.3132053 0.3059567 0.3059567 0.2727177 0.2582268 0.2582268 0.2041468 0.2334504 0.3526818 0.3406605 0.407699 0.5596367 0.5725189 0.5302248 0.5729387 0.6058418 0.259774 0.4246449 0.3227823 0.5040355 0.557197 0.5987904 0.1843419 0.9039024 0.5593502 0.5477689 0.5386221 0.4924549 0.4745543 0.403947 0.4021575 0.3900175 0.3227823 0.2497064 0.3444041 0.4916405 0.513018 0.4244562 0.3126931 0.3865085 0.5690089 0.6165925 0.4564783 0.3798154 0.4644839 0.5064148 0.3420692 0.2955644 0.3476466 0.212231 0.5064148 0.3955266 0.02532139 0.08007324 0.1044027
0.1132406 0.1601462 0.1772492 0.1790487 0.1621356 0.1432392 0.1621356 0.2334504 0.3049071 0.1825946 0.2785332 0.2163451 0.2041468 0.2088047 0.3080451 0.3202898 0.2691682 0.2334504 0.3049071 0.4479721 0.5661852 0.6794125 0.6626948 0.57989 0.6390567 0.8687378 0.7430669 0.7486534 0.5836092 0.497474 0.7767045 0.6785864 0.6455442 0.8668913 0.821427 0.4820937 0.4564783 0.4191362 0.3975476 0.3526818 0.3910435 0.3856782 0.3526818 0.3738606 0.473032 0.4870551 0.3654048 0.3286873 0.3408957 0.3645265 0.3103778 0.2418809 0.2535286 0.2727177 0.3565239 0.3420692 0.2405519 0.268572 0.2796817 0.266174 0.4529535 0.2955644 0.04003664 0.1194406 0.1476475
0.1601462 0.2582268 0.1790487 0.07161969 0.1074295 0.1432392 0.1476475 0.1790487 0.2922924 0.1763426 0.3041176 0.1621356 0.1790487 0.2691682 0.4176038 0.3856782 0.3955266 0.4121954 0.4429347 0.53414 0.4994034 0.4870551 0.5219995 0.6182797 0.5831971 0.5998601 0.6141182 0.7347167 0.6321224 0.4994034 0.5975847 0.4365562 0.9621226 0.5712578 1.053689 0.3083052 0.2532123 0.2163451 0.2282428 0.1936707 0.2922924 0.4244562 0.4870551 0.4870551 0.5287113 0.5530105 0.5661852 0.577952 0.5690089 0.5241444 0.3680273 0.2963767 0.3957292 0.4804285 0.5690089 0.5323365 0.4003599 0.3103778 0.3167673 0.2922924 0.3202898 0.2435319 0.2041468 0.2327628 0.2691682
0.3740749 0.2779571 0.1899098 0.2606979 0.3444041 0.358094 0.3406605 0.3049071 0.2435319 0.325502 0.3378257 0.259774 0.3242686 0.3738606 0.36868 0.4176038 0.5213851 0.591113 0.5829222 0.4994034 0.3939023 0.4585802 0.497474 0.5013253 0.3955266 0.5386221 0.3009386 0.5845696 0.4745543 0.6118959 0.3062185 1.068262 0.8237647 0.6884342 0.9628718 0.166525 0.1529794 0.1981705 0.1540237 0.1363596 0.4082883 0.4121954 0.2963767 0.2887059 0.3798154 0.5570531 0.6405596 0.5975847 0.5127055 0.5141103 0.5674576 0.5548911 0.6295819 0.6887833 0.6915697 0.5674576 0.4330543 0.3371132 0.3049071 0.1772492 0.1825946 0.2239895 0.2156029 0.1722036 0.1481894
0.403947 0.3242686 0.3267308 0.432684 0.3955266 0.358094 0.358094 0.506573 0.3932914 0.4524224 0.3627634 0.382758 0.3798154 0.1977656 0.2211085 0.4767446 0.4208536 0.3955266 0.4994034 0.5026025 0.4668931 0.4486871 0.3291745 0.1044027 0.08007324 0.4944038 0.5302248 0.4684354 0.4837531 0.8653187 0.3776995 1.358693 0.4214244 0.6111097 0.4944038 0.2445172 0.285636 0.3344879 0.3598799 0.465518 0.6208665 0.4686064 0.3245157 0.3526818 0.4564783 0.6160724 0.4304557 0.1977656 0.2582268 0.5712578 0.8185933 0.9137759 0.7490813 0.5287113 0.3625424 0.2355013 0.2606979 0.3476466 0.3963362 0.3242686 0.2264803 0.1601462 0.1825946 0.2088047 0.2095709
0.3455656 0.382758 0.3242686 0.2936601 0.2061003 0.2148582 0.2061003 0.4121954 0.5103556 0.5103556 0.4330543 0.397346 0.3738606 0.36868 0.2185565 0.5064148 0.353136 0.3397182 0.497474 0.5013253 0.4709946 0.3651854 0.2727177 0.2282428 0.1345848 0.3856782 0.5593502 0.3932914 0.6141182 0.8683688 0.7903061 0.8321838 0.1928413 0.2001824 0.181273 0.4636204 0.36868 0.3883701 0.4994034 0.6490105 0.5930079 0.473032 0.4490442 0.4987611 0.6455442 0.660272 0.4003599 0.2727177 0.354495 0.6263918 0.5412935 0.5461572 0.4133603 0.212231 0.2405519 0.2254162 0.2776686 0.3408957 0.3625424 0.3955266 0.4037485 0.3420692 0.2776686 0.2088047 0.2682734
0.1825946 0.1432392 0.2156029 0.2088047 0.1869323 0.2148582 0.2156029 0.2378716 0.1977656 0.2458248 0.317273 0.3444041 0.3517717 0.4474351 0.3574219 0.4003599 0.5864856 0.454543 0.5809944 0.4658622 0.4306418 0.358094 0.4987611 0.6637822 0.6039872 0.3725722 0.472693 0.3323245 0.4740474 0.4270913 0.497474 0.3408957 0.2211085 0.1621356 0.2458248 0.4416664 0.5016449 0.36868 0.4082883 0.358094 0.3041176 0.4053334 0.4208536 0.4944038 0.5845696 0.4585802 0.3291745 0.3526818 0.2292938 0.4709946 0.4422104 0.1443539 0.2727177 0.09642091 0.2355013 0.1843419 0.2914687 0.2830995 0.2334504 0.2402184 0.3420692 0.4668931 0.4658622 0.4356374 0.432684
0.2211085 0.151928 0.1899098 0.2547899 0.3009386 0.2955644 0.2634502 0.2167152 0.1167257 0.2979948 0.3227823 0.296647 0.3242686 0.3510875 0.4246449 0.3749309 0.6709864 0.5290143 0.5323365 0.4003599 0.4053334 0.4179874 0.5987904 0.5819591 0.6431813 0.2682734 0.224347 0.2788208 0.2547899 0.1722036 0.2402184 0.4575305 0.6817673 0.5436571 0.5496674 0.3691145 0.4885336 0.4311997 0.2887059 0.1928413 0.2765117 0.4608464 0.4459999 0.4745543 0.4051356 0.2532123 0.2025703 0.2025703 0.1012855 0.2952931 0.432684 0.2239895 0.2156029 0.1758875 0.2513061 0.1977656 0.1303496 0.1044027 0.1266068 0.1601462 0.2310348 0.304381 0.3858859 0.3955266 0.3397182
0.4476142 0.2952931 0.2727177 0.3926797 0.3865085 0.2914687 0.2738907 0.3476466 0.2952931 0.4817611 0.36868 0.2513061 0.2532123 0.3103778 0.3291745 0.3963362 0.4284028 0.609008 0.4863965 0.1981705 0.3323245 0.3856782 0.3926797 0.2107151 0.5103556 0.3565239 0.2445172 0.394309 0.3939023 0.3865085 0.2887059 0.8127978 0.4021575 0.5951661 0.5408492 0.4394836 0.5229198 0.4852418 0.4059261 0.4082883 0.4100511 0.5190744 0.3601026 0.23652 0.1825946 0.1432392 0.1432392 0.1132406 0.151928 0.1601462 0.2727177 0.2148582 0.1432392 0.2532123 0.2001824 0.2025703 0.268572 0.2025703 0.1132406 0.1432392 0.2506675 0.2432026 0.1398417 0.1345848 0.1132406
0.2458248 0.302002 0.3397182 0.406912 0.2709488 0.2029656 0.1476475 0.3083052 0.3476466 0.4573553 0.2402184 0.1763426 0.2088047 0.3284433 0.3625424 0.3083052 0.2979948 0.4952136 0.6193157 0.1266068 0.2041468 0.224347 0.2167152 0.05662034 0.4834217 0.2334504 0.3476466 0.3926797 0.4508253 0.7597029 0.4524224 0.7520705 0.3378257 0.5155113 0.647032 0.6269033 0.5606381 0.526585 0.4082883 0.330147 0.2418809 0.397346 0.2718347 0.1722036 0.1132406 0.1432392 0.1432392 0.05064278 0.1132406 0.1132406 0.07161969 0.07161969 0.1132406 0.2532123 0.1722036 0.1201098 0.1545431 0.2178218 0.1977656 0.1601462 0.2178218 0.2513061 0.1476475 0.07382388 0.1132406
0.2334504 0.2001824 0.1363596 0.2718347 0.1146473 0.2418809 0.2610052 0.2709488 0.3671552 0.4518907 0.2887059 0.2563579 0.2706528 0.3344879 0.4486871 0.3567486 0.4852418 0.6182797 0.6703889 0.2432026 0.2156029 0.2845115 0.3363993 0.2944777 0.557197 0.2001824 0.3706312 0.4225639 0.53414 0.9010615 0.8609558 0.6467843 0.6331357 0.5371322 0.493755 0.4147152 0.3455656 0.3175254 0.1266068 0.1899098 0.1524546 0.3808689 0.3875438 0.1601462 0.1012855 0.1601462 0.1132406 0 0 0 0 0.05064278 0.1601462 0.1825946 0.1825946 0.2582268 0.2582268 0.2532123 0.3132053 0.2796817 0.2830995 0.2282428 0.2185565 0.3427713 0.4529535
0.2870355 0.2061003 0.1928413 0.2156029 0.1074295 0.2513061 0.3267308 0.3242686 0.4476142 0.5040355 0.4133603 0.4082883 0.3963362 0.3483375 0.3883701 0.4179874 0.6088764 0.4365562 0.3645265 0.1915904 0.354721 0.5527206 0.5905704 0.5668924 0.7479038 0.4445601 0.4564783 0.506573 0.5314326 0.6361661 0.877547 0.7418798 0.7090759 0.4585802 0.2887059 0.2610052 0.1303496 0.1345848 0.05064278 0.1303496 0.05662034 0.3420692 0.4863965 0.1601462 0.1132406 0.1432392 0.07161969 0 0 0 0.05064278 0.151928 0.2025703 0.2532123 0.3038539 0.3080451 0.2532123 0.3080451 0.4051356 0.358094 0.2727177 0.2163451 0.3806584 0.531734 0.4804285
0.1044027 0.1825946 0.3764242 0.313461 0.1799417 0.1899098 0.1758875 0.2095709 0.2785332 0.2435319 0.2152309 0.2563579 0.3457974 0.3344879 0.2922924 0.360325 0.6461645 0.3759982 0.1132406 0.2497064 0.2563579 0.4422104 0.4208536 0.4452806 0.653563 0.5548911 0.5386221 0.432128 0.3930876 0.2796817 0.3510875 0.4179874 0.3175254 0.1977656 0.1266068 0.1443539 0.1825946 0.1443539 0.1132406 0.08106797 0.1201098 0.3284433 0.3371132 0.2408848 0.2211085 0.1977656 0.1540237 0.1621356 0.1977656 0.2334504 0.2830995 0.2727177 0.2582268 0.354495 0.3080451 0.2025703 0.2727177 0.358094 0.4051356 0.3080451 0.2493853 0.3526818 0.5323365 0.570275 0.4330543
0.3242686 0.432684 0.4090727 0.3059567 0.2493853 0.2211085 0.23652 0.2944777 0.2765117 0.2292938 0.2327628 0.2788208 0.3132053 0.2845115 0.3691145 0.497474 0.5593502 0.4037485 0.5103556 0.3408957 0.3844294 0.3865085 0.2988005 0.252261 0.608218 0.5165983 0.4863965 0.3344879 0.1977656 0.2278914 0.1790487 0.2388802 0.1825946 0.1476475 0.1012855 0.2282428 0.1689143 0.1722036 0.2088047 0.2088047 0.2670758 0.2001824 0.1758875 0.2178218 0.2513061 0.2952931 0.2830995 0.2606979 0.330147 0.4003599 0.4003599 0.3242686 0.3202898 0.4051356 0.3202898 0.2952931 0.354495 0.36868 0.3930876 0.387337 0.4872196 0.656621 0.7409071 0.6663125 0.5454231
0.3875438 0.432684 0.2887059 0.2532123 0.1790487 0.1689143 0.266174 0.2979948 0.3062185 0.3363993 0.330147 0.3759982 0.3738606 0.3126931 0.4108321 0.465518 0.2911935 0.224347 0.317273 0.4208536 0.4208536 0.3427713 0.2845115 0.1903313 0.4100511 0.397346 0.3064801 0.2727177 0.1303496 0.2001824 0.3793932 0.1345848 0.2088047 0.05662034 0.08007324 0.1363596 0.07161969 0.2088047 0.2264803 0.2088047 0.2156029 0.1132406 0.1481894 0.2779571 0.2718347 0.309084 0.309084 0.2041468 0.2582268 0.2963767 0.2887059 0.3049071 0.3526818 0.4059261 0.2727177 0.3202898 0.454543 0.353136 0.4524224 0.4459999 0.4371066 0.557197 0.5983888 0.5084678 0.4164507
0.3267308 0.2264803 0.1621356 0.2785332 0.2292938 0.181273 0.3455656 0.2811109 0.204539 0.3049071 0.3457974 0.3598799 0.3420692 0.3517717 0.4244562 0.4757349 0.4566538 0.360325 0.3764242 0.4253992 0.3457974 0.4185622 0.3764242 0.224347 0.1645886 0.2682734 0.03798209 0.08862482 0.259774 0.36868 0.2088047 0.1529794 0.2278914 0.07701197 0.07382388 0.1932564 0.2264803 0.2088047 0.2088047 0.2727177 0.2535286 0.1969535 0.1843419 0.3126931 0.3408957 0.3080451 0.2606979 0.2952931 0.330147 0.3202898 0.330147 0.4003599 0.4082883 0.387337 0.2952931 0.3831765 0.520462 0.4916405 0.5229198 0.4350851 0.3455656 0.5008455 0.5288628 0.4176038 0.4191362
0.3062185 0.3242686 0.2532123 0.3059567 0.4003599 0.330147 0.4311997 0.36868 0.3651854 0.387337 0.3408957 0.3267308 0.3798154 0.4255875 0.4524224 0.5219995 0.5461572 0.5103556 0.5067312 0.4931054 0.4752293 0.394309 0.2487417 0.1645886 0.1977656 0.3083052 0.1566038 0.1246932 0.1201098 0.07161969 0.1020737 0.1392674 0.03580986 0.2185565 0.2402184 0.2513061 0.2532123 0.1825946 0.2025703 0.3202898 0.2088047 0.1132406 0.2487417 0.4557755 0.4939173 0.3202898 0.1790487 0.375785 0.4490442 0.3408957 0.317273 0.3291745 0.330147 0.3202898 0.3059567 0.3330472 0.4284028 0.3691145 0.4365562 0.3455656 0.3476466 0.5172185 0.5365351 0.4177956 0.4164507
0.3625424 0.3651854 0.3397182 0.3049071 0.3963362 0.4121954 0.4334242 0.4082883 0.4082883 0.3517717 0.2830995 0.3202898 0.3476466 0.3625424 0.4330543 0.4334242 0.3455656 0.4003599 0.3565239 0.20765 0.2185565 0.08862482 0.1167257 0.2544752 0.3706312 0.2211085 0.04564879 0.1703318 0.1081729 0.07161969 0.06455712 0.2148582 0.2830995 0.285636 0.2327628 0.2610052 0.3242686 0.2952931 0.2088047 0.3202898 0.2532123 0.2845115 0.4246449 0.570275 0.4745543 0.330147 0.3651854 0.4939173 0.5712578 0.3476466 0.2532123 0.2582268 0.2963767 0.317273 0.2963767 0.2887059 0.387337 0.4365562 0.3439384 0.3526818 0.406912 0.4765764 0.4931054 0.4023567 0.3806584
0.4486871 0.3202898 0.2582268 0.2532123 0.3242686 0.358094 0.36868 0.4051356 0.2727177 0.2148582 0.3080451 0.3831765 0.296647 0.2802543 0.3165142 0.2532123 0.2025703 0.2061003 0.2779571 0.1981705 0.1981705 0.1201098 0.1981705 0.3565239 0.3167673 0.05220138 0.1194406 0.2156029 0.1763426 0.1524546 0.2535286 0.2211085 0.1825946 0.2532123 0.2493853 0.2887059 0.2830995 0.3397182 0.3865085 0.3997589 0.318785 0.3205399 0.4051356 0.5016449 0.358094 0.2952931 0.4003599 0.5640582 0.5192288 0.2830995 0.2355013 0.3165142 0.3378257 0.2845115 0.2892606 0.3654048 0.4585802 0.4699726 0.3798154 0.4023567 0.4575305 0.4311997 0.4765764 0.5165983 0.4459999
0.2643613 0.2830995 0.2029656 0.2610052 0.3144821 0.3227823 0.3363993 0.354721 0.1621356 0.1476475 0.3553982 0.3049071 0.1703318 0.1689143 0.1645886 0.1432392 0.1432392 0.07161969 0.07161969 0.1432392 0.2709488 0.2643613 0.2811109 0.2788208 0.08862482 0.1345848 0.05064278 0.1825946 0.2582268 0.3227823 0.36868 0.3001386 0.2864765 0.3706312 0.3227823 0.2547899 0.2088047 0.2691682 0.4422104 0.4587549 0.3344879 0.2914687 0.3975476 0.5040355 0.4082883 0.3651854 0.3997589 0.4699726 0.3313585 0.2487417 0.3202898 0.4403944 0.407699 0.3651854 0.493755 0.561923 0.4804285 0.3062185 0.3363993 0.4371066 0.4246449 0.4053334 0.5330887 0.6160724 0.3926797
0.07596415 0.2088047 0.224347 0.2914687 0.266174 0.3222854 0.3856782 0.266174 0.1291141 0.151928 0.3059567 0.1132406 0.01790493 0.07161969 0.08952458 0.1194406 0.1398417 0.1882141 0.2887059 0.3526818 0.3800263 0.1201098 0.2408848 0.2532123 0.1369461 0.1398417 0.1132406 0.2582268 0.4668931 0.1965461 0.2802543 0.3323245 0.3242686 0.268572 0.2418809 0.1977656 0.2310348 0.387337 0.4564783 0.4416664 0.4300831 0.3680273 0.5593502 0.6076908 0.4176038 0.3856782 0.472693 0.4585802 0.3286873 0.3245157 0.4225639 0.4792594 0.4389362 0.4389362 0.5067312 0.472693 0.3651854 0.1899098 0.4255875 0.5896199 0.3378257 0.3420692 0.5640582 0.6015942 0.4053334
0.2254162 0.2606979 0.3062185 0.252261 0.1020737 0.06455712 0.2001824 0.1081729 0.1621356 0.1291141 0.2643613 0.151928 0.1081729 0.1650749 0.2061003 0.1869323 0.2532123 0.2914687 0.3049071 0.4486871 0.5365351 0.4059261 0.1899098 0.4350851 0.2610052 0.3083052 0.4474351 0.4118063 0.3103778 0.2864765 0.4356374 0.2706528 0.1763426 0.1965461 0.2914687 0.2513061 0.353136 0.531734 0.4422104 0.3680273 0.3975476 0.4963451 0.6076908 0.5215387 0.3844294 0.4575305 0.432684 0.3965384 0.3483375 0.3363993 0.4053334 0.354495 0.2682734 0.2830995 0.2911935 0.2936601 0.2634502 0.3517717 0.585802 0.6141182 0.2435319 0.2955644 0.5436571 0.5454231 0.4564783
0.3697653 0.266174 0.2282428 0.2334504 0.1540237 0.05662034 0.2643613 0.05662034 0.2532123 0.1194406 0.268572 0.2211085 0.2264803 0.1825946 0.2041468 0.1882141 0.1799417 0.09888311 0 0.3049071 0.2107151 0.4740474 0.3444041 0.2185565 0.296647 0.36868 0.3585413 0.5013253 0.5016449 0.4176038 0.4804285 0.224347 0.2264803 0.465518 0.5172185 0.5064148 0.5548911 0.53414 0.3764242 0.3651854 0.432684 0.5436571 0.5604951 0.4686064 0.5089404 0.5246029 0.3865085 0.3323245 0.36868 0.3856782 0.3975476 0.2582268 0.151928 0.2029656 0.2936601 0.3418348 0.2802543 0.3144821 0.4620621 0.5336897 0.2178218 0.2025703 0.5026025 0.5932781 0.5219995
0.1481894 0.2334504 0.06817991 0.01790493 0.1650749 0.1201098 0.1882141 0.1074295 0.2727177 0.04564879 0.1869323 0.1545431 0.2264803 0.2025703 0.1291141 0.07161969 0.1074295 0.2025703 0.3291745 0.5661852 0.7572731 0.8006808 0.5386221 0.4479721 0.5219995 0.4121954 0.2239895 0.2733048 0.3671552 0.4082883 0.4051356 0.2061003 0.3476466 0.4432964 0.3926797 0.397346 0.4191362 0.4176038 0.4422104 0.4777521 0.4987611 0.497474 0.4529535 0.4944038 0.5192288 0.387337 0.3900175 0.354721 0.394309 0.4886977 0.5209238 0.4508253 0.3764242 0.3378257 0.3049071 0.2532123 0.2535286 0.2779571 0.3932914 0.5604951 0.317273 0.3242686 0.4244562 0.5740566 0.591113
0.1722036 0.2922924 0.2544752 0.2610052 0.2922924 0.1621356 0.1398417 0.1843419 0.2025703 0.07701197 0.1529794 0.07701197 0.1012855 0.2532123 0.1266068 0.03580986 0.2152309 0.3286873 0.354721 0.3798154 0.5109833 0.4926176 0.4193274 0.4709946 0.4668931 0.4191362 0.3202898 0.3038539 0.3202898 0.4082883 0.432684 0.2864765 0.3083052 0.403947 0.2535286 0.2041468 0.2544752 0.4059261 0.4620621 0.3856782 0.4208536 0.4086807 0.3483375 0.3831765 0.330147 0.3103778 0.3227823 0.3492566 0.4334242 0.5443937 0.4812618 0.4963451 0.5288628 0.4508253 0.3059567 0.2582268 0.3418348 0.4023567 0.3691145 0.472693 0.3041176 0.3342482 0.472693 0.4147152 0.5195374
