Data/Validationagain_2012/slope.asc
ncols         498
nrows         462
xllcorner     630394.26190114
yllcorner     6366264.2135407
cellsize      200
NODATA_value  -9999
[rows 174 to 202 of 462, columns 260 to 324 of 498]
0.9013283 1.721523 2.316889 2.830637 1.711824 0.9325222 1.485291 2.303457 2.495789 1.432599 0.513018 0.1201098 0.4490442 2.473297 1.972544 0.3144821 0.4133603 0.4216146 0.4304557 0.3059567 0.454543 0.5480614 0.5852545 0.5209238 0.513018 0.3850543 0.2355013 0.4643113 0.8488658 0.6579621 0.2952931 0.3955266 0.577952 0.6628157 0.7035168 0.6907582 0.7950569 0.8221095 0.7498297 0.8075562 0.7553661 0.7612833 0.7004347 0.6015942 0.6976837 0.8200602 0.8490546 0.5661852 0.6058418 0.8701201 0.8528209 0.7180595 0.7347167 0.6083497 0.2418809 0.2435319 0.6224133 0.7984761 0.749616 0.705564 0.6749159 0.7528159 0.8743456 0.8293869 0.8330499
0.454543 0.3202898 1.002094 3.052118 2.522425 1.562427 3.437438 3.163727 2.829283 2.625401 1.148905 0.3997589 0.3598799 2.141169 2.621105 0.5302248 0.3526818 0.4389362 0.5496674 0.5561894 0.591113 0.5983888 0.4416664 0.4490442 0.3625424 0.2709488 0.3401897 0.5747541 0.8162408 0.4924549 0.3654048 0.6405596 0.7476894 0.660272 0.5719588 0.5492299 0.8229862 0.8720517 0.8287104 0.8720517 0.6935367 0.6109785 0.6111097 0.624983 0.7473679 0.7381984 0.5318847 0.4601503 0.7343894 0.8970513 0.7278134 0.6266476 0.5950314 0.3806584 0.2535286 0.3975476 0.8182017 0.9628718 0.8541352 0.7251663 0.6608785 0.5527206 0.4792594 0.4479721 0.2029656
0.1524546 0.1132406 0.3418348 3.015508 2.824478 3.237787 3.920016 1.457646 1.036905 2.514426 2.025856 1.037292 1.092875 1.637293 2.527364 0.917451 0.2733048 0.2922924 0.3420692 0.4508253 0.4644839 0.4082883 0.3080451 0.2610052 0.2779571 0.3510875 0.5515594 0.7971705 0.9249308 0.6828243 0.5687272 0.7094149 0.6118959 0.4668931 0.432684 0.6330091 0.8865398 0.7479038 0.5661852 0.5962422 0.5640582 0.6405596 0.624983 0.6976837 0.7349347 0.506573 0.3080451 0.5864856 0.8660591 0.6215115 0.4082883 0.358094 0.3397182 0.2402184 0.3455656 0.5457169 0.9584517 1.00974 0.7825627 0.6583273 0.465518 0.2264803 0.1074295 0.36868 0.4987611
0.1345848 0.2088047 0.05064278 2.045665 2.694532 3.318121 2.469415 0.2152309 0.1540237 1.425033 2.131433 1.635972 1.450432 1.012829 2.147883 1.176735 0.4585802 0.3202898 0.2214707 0.2963767 0.360325 0.3132053 0.358094 0.3202898 0.3798154 0.4486871 0.6431813 0.9220678 0.9453217 0.6608785 0.4643113 0.5465972 0.4051356 0.4668931 0.6350314 0.7950569 0.801181 0.5998601 0.4371066 0.4100511 0.5527206 0.6456683 0.5901632 0.6109785 0.7290234 0.4699726 0.5365351 0.8609558 0.855822 0.4431156 0.2532123 0.2458248 0.3126931 0.3165142 0.5067312 0.7036307 0.9773242 0.9251906 0.608218 0.4003599 0.2691682 0.2148582 0.1843419 0.1074295 0.08007324
0.07161969 0.2061003 0.1799417 0.7167192 1.406138 1.837309 1.259266 0.1132406 0.2532123 0.539811 1.269907 1.003373 0.8253195 0.6496276 2.218669 2.045665 0.5089404 0.3242686 0.1799417 0.330147 0.3286873 0.3883701 0.6015942 0.6067669 0.5773971 0.6350314 0.8389919 0.9628718 0.7772202 0.5059398 0.4495793 0.5719588 0.5962422 0.6062384 0.7021487 0.7663188 0.6768128 0.5773971 0.5927376 0.5785064 0.6097969 0.6253675 0.406912 0.5449821 0.7130202 0.5078369 0.5836092 0.7161599 0.5287113 0.2582268 0.2532123 0.2914687 0.3080451 0.4575305 0.7971705 0.8612349 0.8913168 0.8609558 0.4977961 0.2563579 0.2095709 0.1650749 0.1903313 0.2458248 0.1432392
0.1432392 0.1398417 0.1476475 0.3313585 0.5016449 0.8228888 0.6846994 0.05371478 0.1758875 0.4284028 1.307814 1.389697 1.071557 0.2088047 2.344851 2.38904 0.3165142 0.1012855 0.2107151 0.4195184 0.325502 0.4195184 0.710769 0.7127954 0.7197315 0.8046737 0.9490435 0.8876236 0.6418094 0.5383244 0.5951661 0.7217327 0.6756278 0.520462 0.5165983 0.6467843 0.5747541 0.5164432 0.5786449 0.6300908 0.5808564 0.4891894 0.4804285 0.4711647 0.6245982 0.5438045 0.5765638 0.5164432 0.3202898 0.3202898 0.3038539 0.266174 0.3175254 0.6087447 0.9529188 0.8793712 0.8865398 0.854229 0.4852418 0.2334504 0.1698606 0.1291141 0.1540237 0.1253343 0.07161969
0.2864765 0.2239895 0.1689143 0.1899098 0.1369461 0.4847461 0.4845807 0.08007324 0.2563579 0.76223 1.461158 1.109173 0.6805909 1.614792 2.87146 1.685337 0.2435319 0.2582268 0.465518 0.5465972 0.5127055 0.5496674 0.7971705 0.7874621 0.7874621 0.7700738 0.7381984 0.6330091 0.4852418 0.4820937 0.6700302 0.6926118 0.4820937 0.4053334 0.5480614 0.7233961 0.6245982 0.5324871 0.5583464 0.5120799 0.4872196 0.472693 0.4298967 0.4643113 0.6727753 0.6141182 0.5496674 0.4082883 0.354495 0.5089404 0.4176038 0.4403944 0.5934131 0.7726707 1.057333 0.9907576 0.7597029 0.4698021 0.1415506 0.2041468 0.2211085 0.1089113 0.08952458 0.1194406 0.1432392
0.1969535 0.1965461 0.1601462 0.2278914 0.1799417 0.2952931 0.3680273 0.2733048 0.3165142 0.7217327 1.4736 1.433214 0.4699726 1.891864 2.071433 0.9013283 0.4759033 0.5712578 0.5365351 0.4090727 0.5070474 0.7003204 0.8743456 0.7612833 0.5054644 0.4777521 0.5323365 0.5576283 0.4495793 0.5016449 0.655644 0.5606381 0.4608464 0.5687272 0.7286936 0.8379408 0.7082844 0.6253675 0.6481457 0.6295819 0.6067669 0.53429 0.4306418 0.6579621 0.8445128 0.6078226 0.3806584 0.4176038 0.5190744 0.6457924 0.6125504 0.6749159 0.8665215 1.017958 1.165243 0.8809187 0.23652 0.2914687 0.4573553 0.3798154 0.161144 0.03580986 0.1266068 0.1432392 0.1432392
0.151928 0.3227823 0.4777521 0.5323365 0.5300736 0.4740474 0.2765117 0.2388802 0.358094 0.3195383 1.215574 1.831375 0.6182797 1.449272 2.161879 1.497372 0.561923 0.561923 0.3926797 0.3126931 0.5640582 0.7036307 0.6461645 0.4995638 0.3932914 0.4538372 0.5374305 0.5825096 0.5561894 0.6207374 0.5845696 0.4133603 0.4389362 0.666072 0.7914205 0.7486534 0.5445408 0.5021239 0.5685862 0.6015942 0.557197 0.5622082 0.7820506 0.9488746 0.7094149 0.4023567 0.4304557 0.7849142 0.9511516 0.9689267 0.9426907 1.002094 1.097337 1.050415 0.8370798 0.2163451 0.3457974 0.3723571 0.2718347 0.1689143 0.1645886 0.2264803 0.1825946 0.1132406 0.05662034
0.2922924 0.3352059 0.3908385 0.3764242 0.3738606 0.3764242 0.3242686 0.2402184 0.2952931 0.1843419 0.9923735 1.396767 0.9126353 0.57989 1.24249 2.787408 1.697029 0.4179874 0.4636204 0.3764242 0.5438045 0.7053369 0.5141103 0.4686064 0.5064148 0.5229198 0.5604951 0.6141182 0.6728944 0.5966453 0.4330543 0.3083052 0.3483375 0.639182 0.710769 0.5229198 0.3330472 0.3132053 0.4311997 0.4837531 0.4082883 0.4924549 0.8307383 0.8687378 0.5219995 0.4432964 0.8263867 1.152594 1.284019 1.154954 1.019059 0.9826381 0.8298698 0.6109785 0.3418348 0.268572 0.2582268 0.08952458 0.1132406 0.1601462 0.1132406 0.2148582 0.2727177 0.2088047 0.1790487
0.3691145 0.2582268 0.09642091 0.1432392 0.1432392 0.05662034 0.1790487 0.2532123 0.330147 0.3222854 1.005207 1.109462 1.589808 1.637684 0.7865458 2.23494 2.81246 1.06616 0.5622082 0.5445408 0.6088764 0.8019806 0.6588141 0.6785864 0.6263918 0.6266476 0.6632991 0.6327559 0.6078226 0.4518907 0.3865085 0.3856782 0.4486871 0.6517212 0.5773971 0.3041176 0.3439384 0.4147152 0.4082883 0.4082883 0.358094 0.4601503 0.7288036 0.4686064 0.4490442 0.8046737 1.292165 1.41912 1.167509 0.8745289 0.8165352 0.6350314 0.3408957 0.1650749 0.1139461 0.4474351 0.268572 0.2061003 0.1012855 0.1601462 0.2264803 0.2152309 0.2435319 0.2458248 0.2785332
0.2682734 0.1443539 0.05064278 0.1650749 0.1882141 0.1540237 0.2334504 0.3397182 0.473032 0.6350314 1.20179 1.593128 1.141981 1.829057 1.132614 1.21135 2.938004 2.023129 0.5668924 0.7519639 0.8436584 0.7723595 0.647651 0.62035 0.6307264 0.712683 0.6852843 0.5901632 0.5530105 0.454543 0.3865085 0.4191362 0.5412935 0.6584491 0.4686064 0.354721 0.5570531 0.5885316 0.5492299 0.4765764 0.4082883 0.5288628 0.6184093 0.3245157 0.493755 1.127794 1.455722 1.265927 0.7799988 0.6728944 0.656987 0.5165983 0.2706528 0.1089113 0.3444041 0.6467843 0.3583177 0.3080451 0.1601462 0.3202898 0.4777521 0.3457974 0.2264803 0.1253343 0.2148582
0.05064278 0.05064278 0.1689143 0.3553982 0.4270913 0.4304557 0.5127055 0.5785064 0.5323365 0.5829222 0.8267744 0.7530288 1.432599 1.682294 0.6097969 0.4636204 2.540896 2.842494 0.9769963 0.7008922 0.8253195 0.6967643 0.5064148 0.5445408 0.6160724 0.5449821 0.4564783 0.4208536 0.4330543 0.4003599 0.3625424 0.4804285 0.666072 0.666072 0.5219995 0.5496674 0.6837625 0.5836092 0.5719588 0.5951661 0.5661852 0.5330887 0.513018 0.4837531 0.93278 1.494749 1.331302 0.9524983 0.7676769 0.6632991 0.3510875 0.3126931 0.3406605 0.3526818 0.8505631 1.008946 0.7597029 0.5765638 0.635662 0.7021487 0.5418854 0.5449821 0.4360051 0.2152309 0.2458248
0.1266068 0.1915904 0.4185622 0.591113 0.6125504 0.6285628 0.6684737 0.6118959 0.5372814 0.752177 0.7853224 1.220638 1.812132 0.8364094 1.069461 0.3165142 1.598647 3.260996 2.397126 0.6887833 0.6173718 0.6785864 0.6039872 0.6457924 0.5959734 0.3850543 0.3080451 0.3165142 0.3601026 0.4023567 0.4474351 0.5661852 0.660272 0.6160724 0.5785064 0.5927376 0.6204792 0.4825921 0.36868 0.4298967 0.4529535 0.4123898 0.5480614 0.8642068 1.245773 1.488953 1.041838 0.789596 0.6785864 0.252261 0.2167152 0.4711647 0.710769 0.8701201 1.321399 1.151412 1.181083 1.099307 1.132967 0.9146523 0.5829222 0.703175 0.8989249 0.5719588 0.2914687
0.5026025 0.4931054 0.6720603 0.7430669 0.6817673 0.6286903 0.6118959 0.6002607 0.6428074 0.829097 0.6952676 1.529539 2.031535 1.75176 1.793351 1.329376 0.6588141 3.082961 3.148426 0.726491 0.53429 0.4765764 0.5975847 0.6173718 0.4557755 0.3080451 0.3352059 0.4059261 0.4447403 0.4432964 0.4365562 0.4837531 0.4870551 0.4620621 0.4691192 0.4644839 0.5070474 0.4447403 0.3408957 0.3038539 0.1266068 0.4476142 0.7412314 1.008072 0.9140389 1.265864 1.116945 0.5593502 0.1843419 0.5690089 0.6375502 0.7722558 1.405056 1.705733 1.533669 0.9794533 0.9511516 1.20279 1.267445 1.31307 1.342027 1.239909 1.272175 0.8244452 0.6461645
0.4479721 0.4670648 0.6467843 0.6855181 0.4965065 0.3740749 0.4711647 0.6245982 0.7473679 0.7952585 0.7706979 1.157172 1.57142 0.8330499 1.212738 0.9641191 0.6973391 2.968158 3.15845 0.8609558 0.5829222 0.493755 0.432684 0.4372899 0.4330543 0.4330543 0.4699726 0.493755 0.4438384 0.4195184 0.4812618 0.5219995 0.4870551 0.4837531 0.5229198 0.1132406 0.4445601 0.5930079 0.2435319 0.7555782 1.25193 1.304809 1.574474 2.153537 2.561138 2.758625 2.117915 0.2776686 0.325502 1.059301 1.380214 1.910889 2.39766 2.1452 1.56836 0.8623506 0.6051801 0.9039024 0.9861377 1.028138 1.137694 1.184334 1.458964 1.164968 1.199589
0.3850543 0.4147152 0.520462 0.5690089 0.3673734 0.4021575 0.5583464 0.5951661 0.5190744 0.4601503 0.4916405 0.7773233 2.040613 1.263964 0.6918014 0.6341475 0.7575905 2.304568 3.061912 1.262125 0.4963451 0.4817611 0.4121954 0.432684 0.5287113 0.5927376 0.5927376 0.5661852 0.4698021 0.4225639 0.6285628 0.6410598 0.6002607 0.497474 0.2445172 1.296496 1.8534 2.343759 2.142364 2.191973 1.931715 1.418274 1.372241 1.951211 2.502315 3.706565 3.905257 2.770647 2.372381 2.916614 2.988135 2.819468 2.266461 1.469301 1.077892 1.137342 0.8205486 0.6852843 0.5740566 0.4777521 0.4208536 0.7723595 1.376961 1.387217 1.307936
0.539811 0.5519952 0.513018 0.5747541 0.5570531 0.561923 0.5773971 0.5064148 0.4559513 0.4330543 0.4684354 1.067287 2.053316 1.581021 1.659295 1.152038 0.5097271 1.369963 2.793992 2.318442 1.278581 0.6540532 0.5661852 0.6253675 0.6018606 0.5287113 0.5773971 0.6887833 0.668114 0.6511062 0.7473679 0.7217327 0.4587549 0.6879684 1.737721 2.356994 1.801056 2.064508 2.301651 1.757418 1.134804 0.9974465 0.8527269 0.6398086 0.6227995 2.221587 3.833822 4.485522 4.118648 3.562597 2.584656 1.771978 1.024391 0.5697126 0.4524224 0.7180595 0.617242 0.2845115 0.151928 0.2788208 0.3574219 0.1194406 0.6939987 0.9448131 0.7528159
0.3850543 0.3975476 0.4564783 0.6456683 0.5951661 0.387337 0.318785 0.406912 0.5845696 0.5365351 0.432684 0.8416617 1.985603 2.217515 2.052069 1.500364 0.01790493 0.7099794 1.823623 2.721767 2.839204 1.749474 0.6583273 0.5465972 0.4304557 0.36868 0.5089404 0.5570531 0.472693 0.5324871 0.6728944 0.2796817 0.6991752 2.017148 2.120784 1.565908 0.8200602 0.5233794 0.7443598 0.8198647 0.6663125 0.6890159 0.6739653 0.4123898 0.1398417 0.4389362 1.189194 1.889663 1.971691 1.405569 0.7651678 0.5864856 0.5944925 0.4691192 0.3850543 0.2670758 0.3738606 0.266174 0.3723571 0.5192288 0.4812618 0.5553242 0.9185856 1.002654 0.8991923
0.4191362 0.4284028 0.4608464 0.585802 0.4812618 0.3363993 0.4246449 0.5845696 0.6341475 0.387337 0.2952931 0.3963362 0.7241711 1.137906 2.28211 2.456951 1.099307 0.8153569 0.1146473 1.187036 3.111701 3.022253 1.164693 0.387337 0.3764242 0.4987611 0.6097969 0.6076908 0.4845807 0.5190744 0.1392674 1.427728 2.252905 2.248925 1.435949 0.6466604 0.5418854 0.4330543 0.3457974 1.316542 1.159661 0.6253675 0.9368082 1.57737 1.462253 1.161938 0.9727228 0.985894 0.7375468 0.2864765 0.204539 0.2041468 0.3062185 0.9448131 1.357337 1.458909 1.402546 1.328592 1.442903 1.6265 1.886951 2.277795 2.6494 2.881679 2.703769
0.4474351 0.4648288 0.4255875 0.4837531 0.4977961 0.472693 0.6234425 0.6160724 0.5196916 0.3444041 0.2952931 0.358094 0.3808689 0.57989 1.729225 2.979464 2.515697 2.302485 1.792145 0.3330472 2.260029 3.743003 2.01099 0.5219995 0.4817611 0.5165983 0.6015942 0.5962422 0.4644839 0.2041468 1.836743 2.583542 2.3212 1.819185 1.13882 0.3510875 0.684114 1.022982 1.813236 2.603513 2.39846 2.71321 3.382441 3.568143 3.104714 2.384517 1.890002 1.804962 1.719848 1.637537 1.347744 1.304809 1.517082 1.747918 2.11474 2.077026 2.089316 1.799766 1.931218 2.159806 2.348599 2.307204 2.079298 1.884022 1.698114
0.360325 0.3059567 0.2889834 0.4686064 0.5747541 0.5983888 0.6756278 0.5290143 0.4371066 0.4244562 0.4777521 0.4987611 0.4886977 0.666072 1.04736 2.346487 2.8638 2.883979 3.156604 1.482917 1.278769 3.379515 2.6636 0.9039024 0.5496674 0.1936707 0.2952931 0.3565239 0.8209391 2.179017 2.62674 1.936349 1.256974 0.3408957 1.179454 2.237051 2.842494 2.992755 3.094102 2.617718 2.085023 2.912201 3.264713 2.586542 2.579796 2.856511 2.498094 2.192302 2.094021 2.491814 3.016541 2.828096 2.227484 1.983547 1.898789 1.24249 1.048889 1.006561 1.11177 1.024078 1.013067 0.7605462 0.6728944 0.6083497 0.8096371
0.3009386 0.2388802 0.2643613 0.5371322 0.6350314 0.6088764 0.5192288 0.3850543 0.3444041 0.4177956 0.4886977 0.6058418 0.656987 0.801181 0.8991032 1.233627 1.682247 1.89706 3.588731 2.025856 1.006561 2.249032 2.934958 1.646071 0.9337243 1.103888 1.709858 2.152348 2.479689 2.538473 1.212738 1.057408 0.7082844 1.167166 2.338841 2.807656 2.77033 2.406713 2.105223 1.695141 1.50223 1.546614 1.184334 0.8351632 1.050796 1.849207 1.827613 1.489114 1.36099 1.518928 1.729178 1.635923 1.168606 1.219259 1.088763 0.591113 0.309084 0.4944038 0.6501209 0.6926118 0.6766944 0.5741962 0.5229198 0.4977961 0.7829722
0.2334504 0.2493853 0.3930876 0.6626948 0.660272 0.5064148 0.4082883 0.3132053 0.3397182 0.4306418 0.4195184 0.4306418 0.5288628 0.6836452 0.7201766 0.5515594 0.5103556 0.9249308 3.14495 2.994729 0.5606381 1.292722 2.974769 3.251781 3.046331 2.756161 2.255176 2.367421 2.681899 1.827613 0.9852436 0.8866302 0.5268893 1.204985 2.464749 2.784999 1.668533 0.854979 0.6330091 0.7865458 0.8843681 0.8006808 0.5408492 0.2802543 0.1586377 0.5089404 0.7633855 0.6455442 0.4837531 0.3080451 0.1363596 0.6455442 0.2718347 0.6785864 0.5084678 0.2682734 0.1540237 0.2796817 0.5467438 0.6125504 0.5021239 0.4924549 0.4668931 0.4529535 0.4121954
0.309084 0.3132053 0.4311997 0.5465972 0.5219995 0.3997589 0.4179874 0.4100511 0.3627634 0.432128 0.4810952 0.5192288 0.6078226 0.5955698 0.5934131 0.4767446 0.2563579 0.4944038 1.953957 3.548873 1.931549 0.8406138 1.731399 2.586881 2.79605 2.371099 1.34596 1.328351 1.389466 1.135439 1.161938 0.7086238 0.1722036 0.4490442 1.412786 3.596542 2.847015 0.3932914 0.4311997 0.7130202 0.8351632 0.6756278 0.36868 0.1825946 0.1266068 0.2606979 0.4890255 0.4557755 0.3202898 0.1645886 0.4208536 0.3408957 0.3673734 0.6350314 0.3800263 0.1443539 0.2152309 0.4575305 0.5622082 0.4121954 0.354721 0.4490442 0.5219995 0.5646262 0.5016449
0.4863965 0.4994034 0.4371066 0.4620621 0.5165983 0.4422104 0.4852418 0.4225639 0.2709488 0.432128 0.5698533 0.5719588 0.5955698 0.4179874 0.3926797 0.4476142 0.3352059 0.4297103 0.9365516 3.539041 3.082961 0.6208665 0.3831765 0.4053334 0.4422104 1.242168 1.437287 1.304809 0.5561894 0.3776995 0.4403944 1.337364 2.513535 2.880487 2.730063 3.83299 2.892635 0.4304557 0.3291745 0.7326416 0.8391829 0.5330887 0.2544752 0.151928 0.07161969 0.2727177 0.3397182 0.2334504 0.2178218 0.3975476 0.526585 0.05371478 0.6165925 0.4601503 0.2041468 0.1601462 0.3625424 0.5885316 0.4820937 0.2535286 0.3844294 0.6455442 0.6720603 0.6386803 0.7767045
0.3764242 0.3406605 0.3501733 0.5709772 0.5190744 0.3476466 0.5041944 0.3691145 0.313461 0.6720603 0.8253195 0.6418094 0.4459999 0.2532123 0.3202898 0.5323365 0.4852418 0.3401897 0.6964192 2.815952 3.869953 2.873602 1.576558 1.007834 0.7950569 0.1272382 0.6375502 0.1932564 0.5725189 0.3850543 0.5438045 2.39816 3.150453 2.698977 3.089557 3.144062 1.779236 0.3764242 0.4082883 0.8445128 0.745113 0.3691145 0.1928413 0.1132406 0.07161969 0.2952931 0.2952931 0.2402184 0.3205399 0.5725189 0.4372899 0.375785 0.6456683 0.2802543 0.2152309 0.2802543 0.406912 0.5553242 0.432684 0.3691145 0.7470462 1.063377 0.9009726 0.7495091 0.9137759
0.1825946 0.03580986 0.4270913 0.5371322 0.2418809 0.3083052 0.5736376 0.4620621 0.5054644 0.9495499 0.9283891 0.601461 0.4152945 0.3526818 0.4059261 0.5127055 0.4214244 0.07161969 0.2887059 1.351838 2.905749 3.566064 2.620983 1.854048 1.605892 1.063377 0.5606381 1.906654 2.772377 3.151872 2.643814 3.046227 2.755292 0.5553242 0.680002 1.303274 0.7198428 0.2292938 0.53414 0.7967684 0.4965065 0.1915904 0.09129751 0.05064278 0.1432392 0.3049071 0.330147 0.36868 0.394309 0.3865085 0.2610052 0.526585 0.4777521 0.2513061 0.3245157 0.406912 0.526585 0.6208665 0.5951661 0.624983 1.004011 1.015594 0.5651936 0.6141182 0.9409894
0.2041468 0.2163451 0.6067669 0.3476466 0.2292938 0.6893647 0.8497149 0.6695517 0.7412314 0.9877612 0.6124195 0.2487417 0.2388802 0.4003599 0.3444041 0.3291745 0.3222854 0.09129751 0.1601462 0.3671552 0.9053195 2.392017 2.86709 2.674977 2.570671 2.026804 1.737721 3.269183 3.110597 3.119183 3.354779 3.212671 2.04316 0.4246449 0.8719598 1.299088 0.6663125 0.5040355 0.6160724 0.5927376 0.3397182 0.1601462 0.07161969 0.1524546 0.2185565 0.3965384 0.4668931 0.4870551 0.2914687 0.1476475 0.5386221 0.5454231 0.3420692 0.2727177 0.3932914 0.5527206 0.6088764 0.7130202 0.815062 0.7799988 0.9137759 0.7495091 0.4176038 0.7486534 0.829097
