Data/Validationagain_2012/slope.asc
ncols         498
nrows         462
xllcorner     630394.26190114
yllcorner     6366264.2135407
cellsize      200
NODATA_value  -9999
[rows 116 to 144 of 462, columns 195 to 259 of 498]
-9999 -9999 -9999 -9999 -9999 -9999 -9999 -9999 -9999 -9999 -9999 -9999 -9999 -9999 -9999 -9999 -9999 -9999 -9999 -9999 -9999 -9999 -9999 -9999 -9999 -9999 -9999 -9999 -9999 -9999 -9999 -9999 -9999 -9999 -9999 -9999 -9999 -9999 -9999 -9999 -9999 -9999 -9999 -9999 -9999 -9999 -9999 -9999 -9999 -9999 -9999 -9999 -9999 -9999 -9999 -9999 -9999 -9999 -9999 -9999 -9999 -9999 -9999 -9999 -9999
-9999 -9999 -9999 -9999 -9999 -9999 -9999 -9999 -9999 -9999 -9999 -9999 -9999 -9999 -9999 -9999 -9999 -9999 -9999 -9999 -9999 -9999 -9999 -9999 -9999 -9999 -9999 -9999 -9999 -9999 -9999 -9999 -9999 -9999 -9999 -9999 -9999 -9999 -9999 -9999 -9999 -9999 -9999 -9999 -9999 -9999 -9999 -9999 -9999 -9999 -9999 -9999 -9999 -9999 -9999 -9999 -9999 -9999 -9999 -9999 -9999 -9999 -9999 -9999 -9999
-9999 -9999 -9999 -9999 -9999 -9999 -9999 -9999 -9999 -9999 -9999 -9999 -9999 -9999 -9999 -9999 -9999 -9999 -9999 -9999 -9999 -9999 -9999 -9999 -9999 -9999 -9999 -9999 -9999 -9999 -9999 -9999 -9999 -9999 -9999 -9999 -9999 -9999 -9999 -9999 -9999 -9999 -9999 -9999 -9999 -9999 -9999 -9999 -9999 -9999 -9999 -9999 -9999 -9999 -9999 -9999 -9999 -9999 -9999 -9999 -9999 -9999 -9999 -9999 -9999
-9999 -9999 -9999 -9999 -9999 -9999 -9999 -9999 -9999 -9999 -9999 -9999 -9999 -9999 -9999 -9999 -9999 -9999 -9999 -9999 -9999 -9999 -9999 -9999 -9999 -9999 -9999 -9999 -9999 -9999 -9999 -9999 -9999 -9999 -9999 -9999 -9999 -9999 -9999 -9999 -9999 -9999 -9999 -9999 -9999 -9999 -9999 -9999 -9999 -9999 -9999 -9999 -9999 -9999 -9999 -9999 -9999 -9999 -9999 -9999 -9999 -9999 -9999 0.1951365 0.2582268
-9999 -9999 -9999 -9999 -9999 -9999 -9999 -9999 -9999 -9999 -9999 -9999 -9999 -9999 -9999 -9999 -9999 -9999 -9999 -9999 -9999 -9999 -9999 -9999 -9999 -9999 -9999 -9999 -9999 -9999 -9999 -9999 -9999 -9999 -9999 -9999 -9999 -9999 -9999 -9999 -9999 -9999 -9999 -9999 -9999 -9999 -9999 -9999 -9999 -9999 -9999 -9999 -9999 -9999 -9999 -9999 -9999 -9999 -9999 -9999 0.2330687 0.2532123 0.2914687 0.2776686 0.224347
-9999 -9999 -9999 -9999 -9999 -9999 -9999 -9999 -9999 -9999 -9999 -9999 -9999 -9999 -9999 -9999 -9999 -9999 -9999 -9999 -9999 -9999 -9999 -9999 -9999 -9999 -9999 -9999 -9999 -9999 -9999 -9999 -9999 -9999 -9999 -9999 -9999 -9999 -9999 -9999 -9999 -9999 -9999 -9999 -9999 -9999 -9999 -9999 -9999 -9999 -9999 -9999 -9999 -9999 -9999 -9999 0.224347 0.1903313 0.1936707 0.2061003 0.2029656 0.1146473 0.1194406 0.1132406 0.1012855
-9999 -9999 -9999 -9999 -9999 -9999 -9999 -9999 -9999 -9999 -9999 -9999 -9999 -9999 -9999 -9999 -9999 -9999 -9999 -9999 -9999 -9999 -9999 -9999 -9999 -9999 -9999 -9999 -9999 -9999 -9999 -9999 -9999 -9999 -9999 -9999 -9999 -9999 -9999 -9999 -9999 -9999 -9999 -9999 -9999 -9999 -9999 -9999 -9999 -9999 -9999 -9999 -9999 -9999 0.4366582 0.3926797 0.3291745 0.3059567 0.3083052 0.2334504 0.1758875 0.1363596 0.1074295 0.1074295 0.1291141
-9999 -9999 -9999 -9999 -9999 -9999 -9999 -9999 -9999 -9999 -9999 -9999 -9999 -9999 -9999 -9999 -9999 -9999 -9999 -9999 -9999 -9999 -9999 -9999 -9999 -9999 -9999 -9999 -9999 -9999 -9999 -9999 -9999 -9999 -9999 -9999 -9999 -9999 -9999 -9999 -9999 -9999 -9999 -9999 -9999 -9999 -9999 -9999 -9999 -9999 -9999 0.2135486 0.2088047 0.1132406 0.1432392 0.3083052 0.3850543 0.3444041 0.2324183 0.1899098 0.3001386 0.3598799 0.3406605 0.3598799 0.3798154
-9999 -9999 -9999 -9999 -9999 -9999 -9999 -9999 -9999 -9999 -9999 -9999 -9999 -9999 -9999 -9999 -9999 -9999 -9999 -9999 -9999 -9999 -9999 -9999 -9999 -9999 -9999 -9999 -9999 -9999 -9999 -9999 -9999 -9999 -9999 -9999 -9999 -9999 -9999 -9999 -9999 -9999 -9999 -9999 -9999 -9999 -9999 -9999 -9999 0.1799417 0.2278914 0.304381 0.1601462 0.1432392 0.1601462 0.1825946 0.2327628 0.1601462 0.06330346 0.07382388 0.3205399 0.2988005 0.3401897 0.4365562 0.4668931
-9999 -9999 -9999 -9999 -9999 -9999 -9999 -9999 -9999 -9999 -9999 -9999 -9999 -9999 -9999 -9999 -9999 -9999 -9999 -9999 -9999 -9999 -9999 -9999 -9999 -9999 -9999 -9999 -9999 -9999 -9999 -9999 -9999 -9999 -9999 -9999 -9999 -9999 -9999 -9999 -9999 -9999 -9999 -9999 -9999 0.3081029 0.3126931 0.3227823 0.3313585 0.3323245 0.3001386 0.2167152 0.1167257 0.1303496 0.1645886 0.1432392 0.1645886 0.1689143 0.1524546 0.151928 0.3651854 0.1398417 0.2163451 0.3476466 0.2691682
-9999 -9999 -9999 -9999 -9999 -9999 -9999 -9999 -9999 -9999 -9999 -9999 -9999 -9999 -9999 -9999 -9999 -9999 -9999 -9999 -9999 -9999 -9999 -9999 -9999 -9999 -9999 -9999 -9999 -9999 -9999 -9999 -9999 -9999 -9999 -9999 -9999 -9999 -9999 -9999 -9999 -9999 1.011523 0.36868 0.656621 0.5089404 0.4356374 0.4709946 0.5016449 0.4003599 0.2107151 0.09642091 0.1601462 0.1650749 0.1586377 0.1432392 0.2029656 0.224347 0.2955644 0.3651854 0.4051356 0.212231 0.2156029 0.2706528 0.151928
-9999 -9999 -9999 -9999 -9999 -9999 -9999 -9999 -9999 -9999 -9999 -9999 -9999 -9999 -9999 -9999 -9999 -9999 -9999 -9999 -9999 -9999 -9999 -9999 -9999 -9999 -9999 -9999 -9999 -9999 -9999 -9999 -9999 -9999 -9999 -9999 -9999 -9999 -9999 0.2629596 3.187004 4.128916 1.112274 0.432684 0.776395 0.4179874 0.2892606 0.3691145 0.3519994 0.354495 0.2185565 0.1363596 0.3041176 0.2211085 0.08493049 0.0126607 0.09642091 0.1132406 0.2487417 0.3397182 0.3202898 0.2264803 0.2088047 0.2088047 0.151928
-9999 -9999 -9999 -9999 -9999 -9999 -9999 -9999 -9999 -9999 -9999 -9999 -9999 -9999 -9999 -9999 -9999 -9999 -9999 -9999 -9999 -9999 -9999 -9999 -9999 -9999 -9999 -9999 -9999 -9999 -9999 -9999 -9999 -9999 -9999 -9999 3.831697 1.632984 0.2709488 0.1703318 2.505635 4.155163 1.901148 0.5685862 0.8684611 0.3408957 0.2727177 0.2544752 0.1772492 0.317273 0.2458248 0.2936601 0.4195184 0.2738907 0.2029656 0.1089113 0.1369461 0.2001824 0.3932914 0.3397182 0.2148582 0.1601462 0.1601462 0.2025703 0.1825946
-9999 -9999 -9999 -9999 -9999 -9999 -9999 -9999 -9999 -9999 -9999 -9999 -9999 -9999 -9999 -9999 -9999 -9999 -9999 -9999 -9999 -9999 -9999 -9999 -9999 -9999 -9999 -9999 -9999 -9999 -9999 -9999 0.3030469 0.7553661 0.6768128 2.649008 3.942706 1.190809 0.3439384 0.2458248 1.229529 3.48429 3.673626 3.128077 2.381565 1.040838 0.5209238 0.2178218 0.2088047 0.387337 0.2776686 0.4476142 0.4100511 0.3083052 0.3227823 0.2776686 0.2864765 0.3397182 0.4817611 0.3242686 0.2727177 0.1825946 0.1843419 0.2292938 0.2388802
-9999 -9999 -9999 -9999 -9999 -9999 -9999 -9999 -9999 -9999 -9999 -9999 -9999 -9999 -9999 -9999 -9999 -9999 -9999 -9999 -9999 -9999 -9999 -9999 -9999 -9999 -9999 -9999 -9999 -9999 0.2227736 0.1969535 0.2355013 0.5829222 0.6418094 3.361811 3.586486 1.25372 1.145343 0.7519639 0.2282428 1.557345 2.800618 3.728176 4.175607 3.562776 2.377129 0.9207636 0.4452806 0.7528159 0.6824721 0.6817673 0.5732183 0.4804285 0.4045417 0.4533072 0.5657604 0.5418854 0.4422104 0.3242686 0.4082883 0.3955266 0.309084 0.2887059 0.3444041
-9999 -9999 -9999 -9999 -9999 -9999 -9999 -9999 -9999 -9999 -9999 -9999 -9999 -9999 -9999 -9999 -9999 -9999 -9999 -9999 -9999 -9999 -9999 -9999 -9999 -9999 0.1114971 0.04564879 0.08952458 0.1132406 0.1081729 0.1345848 0.1132406 0.2802543 0.3330472 2.955134 3.628783 2.91179 2.013972 0.9480299 0.9454912 0.6269033 0.2532123 0.9365516 2.41785 3.694655 3.761437 1.884022 0.57989 0.3865085 0.6361661 0.6517212 0.4566538 0.4573553 0.3059567 0.5008455 0.5241444 0.4356374 0.2952931 0.2727177 0.358094 0.4356374 0.4121954 0.3738606 0.3625424
-9999 -9999 -9999 -9999 -9999 -9999 -9999 -9999 -9999 -9999 -9999 -9999 -9999 -9999 -9999 -9999 -9999 -9999 -9999 -9999 -9999 -9999 -9999 -9999 0.3464792 0.3080451 0.212231 0.1303496 0.1540237 0.1932564 0.2513061 0.3371132 0.3567486 0.3565239 0.2682734 1.549407 2.6988 3.216022 2.551915 0.4944038 1.149253 1.625269 1.531789 0.9972056 0.4311997 2.460853 4.049196 2.232075 0.7374381 0.1621356 0.2278914 0.2606979 0.2334504 0.3457974 0.3371132 0.5120799 0.313461 0.2887059 0.2178218 0.2292938 0.2643613 0.358094 0.4479721 0.3939023 0.3444041
-9999 -9999 -9999 -9999 -9999 -9999 -9999 -9999 -9999 -9999 -9999 -9999 -9999 -9999 -9999 -9999 -9999 -9999 -9999 -9999 -9999 0.1774501 0.2185565 0.2776686 0.2506675 0.181273 0.1689143 0.2041468 0.2001824 0.2001824 0.3342482 0.3800263 0.3856782 0.4422104 0.3844294 0.4977961 0.8701201 3.040192 3.367289 2.460431 1.709999 1.468865 1.598847 1.337784 0.7571673 2.369041 3.713954 2.096693 0.9146523 0.2264803 0.2952931 0.04564879 0.2870355 0.1790487 0.3420692 0.3175254 0.2334504 0.3517717 0.3738606 0.2944777 0.2936601 0.2776686 0.2864765 0.2727177 0.2088047
-9999 -9999 -9999 -9999 -9999 -9999 -9999 -9999 -9999 -9999 -9999 -9999 -9999 -9999 -9999 -9999 -9999 0.07643162 0.1790487 0.2405519 0.3126931 0.2432026 0.2029656 0.1977656 0.2547899 0.1799417 0.2355013 0.358094 0.3776995 0.4246449 0.4360051 0.2955644 0.2582268 0.3080451 0.3706312 0.4021575 0.660272 2.219714 3.501755 3.975834 3.722079 3.084152 2.439283 1.834301 0.7871568 1.781663 3.530762 2.810869 1.897566 1.303274 0.8884356 0.3165142 0.2796817 0.04003664 0.3397182 0.2025703 0.1698606 0.2532123 0.4003599 0.4300831 0.3625424 0.266174 0.1825946 0.2025703 0.1132406
-9999 -9999 -9999 -9999 -9999 -9999 -9999 -9999 -9999 -9999 -9999 -9999 -9999 -9999 -9999 0.2369338 0.1524546 0.1201098 0.1020737 0.4225639 0.3625424 0.3850543 0.3567486 0.2952931 0.2733048 0.1758875 0.266174 0.2738907 0.2870355 0.3625424 0.3625424 0.3651854 0.36868 0.3245157 0.3844294 0.3776995 0.4603244 0.862815 1.277954 1.731769 2.346249 2.722941 3.306196 3.431516 2.140795 0.7874621 2.821762 3.695129 3.892263 3.573926 2.726841 1.181083 0.6777593 0.5640582 0.5576283 0.2025703 0.1601462 0.2041468 0.2178218 0.259774 0.2355013 0.1722036 0.1601462 0.2088047 0.2148582
-9999 -9999 -9999 -9999 -9999 -9999 -9999 -9999 -9999 -9999 -9999 0.5170032 0.520462 0.4147152 0.309084 0.3738606 0.4133603 0.4429347 0.4886977 0.6109785 0.4255875 0.44094 0.5268893 0.5016449 0.4668931 0.2887059 0.2811109 0.2733048 0.3342482 0.3323245 0.3227823 0.3342482 0.4176038 0.360325 0.3291745 0.3671552 0.4255875 0.4037485 0.4147152 0.3420692 0.2988005 0.7095278 1.945626 4.015174 3.860225 1.07006 0.8492433 1.139594 1.887841 2.604771 3.071519 1.847734 1.167097 1.285515 1.455722 0.647651 0.1432392 0.1601462 0.05064278 0 0 0 0.07161969 0.1825946 0.2148582
-9999 -9999 -9999 -9999 -9999 -9999 -9999 -9999 0.4728249 0.3673734 0.3144821 0.4845807 0.5732183 0.5246029 0.6097969 0.6684737 0.6496276 0.7349347 0.8561028 0.7476894 0.5013253 0.4208536 0.4255875 0.4208536 0.5390682 0.4965065 0.4372899 0.4668931 0.4994034 0.4658622 0.473032 0.4658622 0.5454231 0.5548911 0.5951661 0.5640582 0.3764242 0.2334504 0.2610052 0.2914687 0.302002 0.3323245 0.5561894 2.843421 4.549392 3.323719 1.490081 0.5754508 0.4837531 1.552763 2.146169 1.829407 1.799055 1.74833 2.103817 1.453685 0.3738606 0.1266068 0.05064278 0.1132406 0.1432392 0.1432392 0.2088047 0.2148582 0.2148582
-9999 -9999 -9999 -9999 0.1825946 0.1772492 0.1601462 0.1540237 0.304381 0.3526818 0.5732183 0.6517212 0.7373295 0.7270423 0.6097969 0.4587549 0.4886977 0.5623507 0.5583464 0.4834217 0.397346 0.358094 0.309084 0.2418809 0.3806584 0.4306418 0.4820937 0.5219995 0.5127055 0.4963451 0.5445408 0.4863965 0.520462 0.5318847 0.6097969 0.5378777 0.3725722 0.1932564 0.2334504 0.2606979 0.2088047 0.2211085 0.3673734 1.267508 3.142843 4.044868 2.396559 0.5930079 0.07161969 1.249176 1.623297 1.931839 2.014171 1.693629 2.276742 1.885126 0.6297092 0.1703318 0.151928 0.1601462 0.1825946 0.3397182 0.4529535 0.4121954 0.3939023
-9999 -9999 0.3057238 0.1291141 0.1132406 0.2402184 0.1825946 0.08007324 0.2152309 0.3126931 0.4792594 0.4982788 0.6245982 0.5496674 0.4559513 0.2560451 0.2845115 0.2845115 0.2001824 0.1825946 0.2563579 0.2178218 0.1977656 0.2327628 0.3165142 0.2458248 0.4452806 0.4372899 0.3330472 0.3444041 0.4564783 0.304381 0.358094 0.2709488 0.2178218 0.3476466 0.4817611 0.3697653 0.3401897 0.2955644 0.2402184 0.3103778 0.3420692 0.2709488 0.8809187 3.305303 2.972702 2.30488 1.438624 0.9150026 1.422783 1.354974 1.105338 1.444401 2.685264 2.38331 0.9165773 0.3195383 0.2025703 0.2088047 0.3202898 0.4668931 0.4082883 0.3598799 0.358094
0.2830995 0.2408848 0.2582268 0.1266068 0.1291141 0.2643613 0.2582268 0.1363596 0.1476475 0.330147 0.4311997 0.3291745 0.3831765 0.2887059 0.4255875 0.2889834 0.4090727 0.3858859 0.2634502 0.1303496 0.1545431 0.2532123 0.2691682 0.2418809 0.353136 0.3671552 0.4564783 0.3567486 0.2532123 0.2292938 0.2025703 0.1586377 0.2487417 0.2682734 0.2334504 0.3195383 0.5016449 0.4108321 0.330147 0.3691145 0.2952931 0.3132053 0.2796817 0.1843419 0.4804285 2.15153 2.846341 3.83837 4.108198 1.416353 0.8780034 0.3455656 0.5732183 0.8106261 2.652445 3.048349 1.281584 0.44094 0.3083052 0.4023567 0.4765764 0.4176038 0.2532123 0.2334504 0.2506675
0.1969535 0.2560451 0.2532123 0.1825946 0.07161969 0.1825946 0.2088047 0.151928 0.1132406 0.36868 0.3080451 0.2088047 0.3651854 0.3406605 0.2497064 0.3645265 0.5040355 0.4431156 0.4176038 0.2582268 0.1928413 0.2532123 0.2532123 0.2061003 0.2709488 0.2952931 0.318785 0.3427713 0.3202898 0.1291141 0.1825946 0.1074295 0.1825946 0.2952931 0.3242686 0.2532123 0.3378257 0.3645265 0.3408957 0.4538372 0.4306418 0.2606979 0.2544752 0.2493853 0.4394836 1.096096 1.63871 2.544857 4.767837 3.327198 2.710824 1.749566 0.313461 0.2643613 2.235942 3.272842 1.506754 0.5808564 0.5951661 0.4244562 0.318785 0.2088047 0.1432392 0.1432392 0.1432392
0.1443539 0.3083052 0.3856782 0.3202898 0.2041468 0.1790487 0.2292938 0.2292938 0.2163451 0.2727177 0.1601462 0.1601462 0.2727177 0.4371066 0.3202898 0.330147 0.1012855 0.07161969 0.3080451 0.4244562 0.3342482 0.2156029 0.1722036 0.161144 0.2264803 0.2892606 0.3080451 0.387337 0.3080451 0.2334504 0.2282428 0.1689143 0.1722036 0.1621356 0.1928413 0.1790487 0.1698606 0.2963767 0.3126931 0.330147 0.4403944 0.4121954 0.4090727 0.3517717 0.3363993 0.317273 0.4225639 0.6124195 2.940286 2.864191 2.972057 3.454058 2.171441 2.035784 1.113569 2.891972 2.253189 1.160904 0.8916762 0.5127055 0.268572 0.1825946 0.1432392 0.2041468 0.2887059
0.1132406 0.1443539 0.2727177 0.354495 0.2796817 0.1825946 0.2582268 0.2582268 0.2163451 0.1291141 0.02532139 0 0.1601462 0.3831765 0.4191362 0.1977656 0.1012855 0.1601462 0.1132406 0.2963767 0.3064801 0.2738907 0.2563579 0.2061003 0.3227823 0.4297103 0.4636204 0.4208536 0.3697653 0.4916405 0.266174 0.2278914 0.181273 0.1167257 0.1194406 0.2211085 0.1825946 0.1601462 0.1645886 0.1443539 0.3165142 0.4479721 0.4214244 0.2864765 0.2670758 0.1398417 0.2061003 0.151928 1.241135 1.495124 2.075485 3.766709 4.15905 3.573859 2.265649 1.336406 2.871822 2.695066 1.534244 0.5412935 0.3286873 0.3049071 0.3697653 0.4476142 0.4431156
0.1201098 0.05220138 0.1012855 0.2148582 0.2493853 0.08007324 0.1476475 0.1291141 0.2041468 0.2148582 0.1928413 0.2088047 0.2148582 0.2532123 0.2264803 0.358094 0.3080451 0.2264803 0.2582268 0.2532123 0.3144821 0.3776995 0.4246449 0.3939023 0.4916405 0.4820937 0.5016449 0.4926176 0.4330543 0.5465972 0.432128 0.2435319 0.1722036 0.2355013 0.2513061 0.3064801 0.3397182 0.2532123 0.1698606 0.1291141 0.1540237 0.1825946 0.2388802 0.2292938 0.2830995 0.151928 0.1899098 0.2936601 0.5045122 0.7206216 0.9946314 1.895541 2.308486 2.44828 3.136563 0.5192288 1.357278 3.219941 2.779284 0.6911061 0.4133603 0.4003599 0.4389362 0.4304557 0.3975476
