Data/Validationagain_2012/slope.asc
ncols         498
nrows         462
xllcorner     630394.26190114
yllcorner     6366264.2135407
cellsize      200
NODATA_value  -9999
[rows 290 to 318 of 462, columns 260 to 324 of 498]
0.5465972 0.655644 0.7647488 0.7373295 0.7447903 0.7994789 1.011563 0.8996377 0.6285628 0.5570531 0.7053369 0.5661852 0.3165142 0.513018 0.9002609 0.9337243 0.5480614 0.5457169 0.8528209 0.9498029 0.7994789 0.6608785 0.7461876 0.7326416 0.5845696 0.5288628 0.5219995 0.5190744 0.655644 0.7899004 0.6727753 0.6573529 0.6973391 0.5765638 0.5008455 0.4684354 0.5622082 0.6501209 0.5583464 0.4916405 0.5465972 0.4916405 0.36868 0.3202898 0.3397182 0.3955266 0.3955266 0.2914687 0.3080451 0.4944038 0.5622082 0.5040355 0.3601026 0.2709488 0.5836092 0.3038539 0.04003664 0.3352059 0.6375502 0.6935367 0.7373295 0.7479038 0.6851673 0.4422104 0.2670758
0.4176038 0.5934131 0.749616 0.8325688 0.854979 0.8780034 1.014015 0.8743456 0.5971823 0.4792594 0.5527206 0.5836092 0.5457169 0.710769 0.8244452 0.7598084 0.6709864 0.8631864 1.076331 1.038758 0.8090431 0.7082844 0.7994789 0.8006808 0.7829722 0.7290234 0.6410598 0.687852 0.7507909 0.8667989 0.9263157 0.9010615 0.8118114 0.647651 0.5496674 0.6341475 0.7885806 0.7243924 0.6266476 0.5661852 0.5465972 0.4422104 0.3856782 0.3856782 0.3397182 0.2952931 0.302002 0.313461 0.4246449 0.4817611 0.3455656 0.204539 0.1529794 0.6852843 0.5229198 0.1089113 0.3205399 0.4944038 0.6375502 0.6109785 0.6386803 0.6501209 0.5719588 0.3957292 0.3175254
0.330147 0.5454231 0.8153569 0.787055 0.7100922 0.884821 1.105121 0.8640214 0.5103556 0.4133603 0.5467438 0.8046737 0.8355469 0.8780034 0.829097 0.8359303 0.9624556 1.068187 1.115151 0.988734 0.7928367 0.7820506 0.8939198 0.9009726 0.8437534 0.8436584 0.9409043 1.050339 1.080194 1.070884 1.064054 0.9674373 0.8016809 0.7062451 0.6608785 0.6752719 0.76223 0.7739142 0.8260958 0.7360243 0.5553242 0.4214244 0.3963362 0.3856782 0.3444041 0.2887059 0.304381 0.3955266 0.3844294 0.1443539 0.2493853 0.4658622 0.6700302 0.6711057 0.1903313 0.3691145 0.4147152 0.406912 0.5219995 0.4643113 0.4164507 0.4668931 0.406912 0.3565239 0.354721
0.6455442 0.6386803 0.881646 0.8771817 0.7600192 0.8758106 0.9020391 0.526585 0.259774 0.3352059 0.7347167 1.030395 0.9115813 0.7984761 0.7748454 0.8490546 0.9283891 0.9814144 0.9628718 0.8612349 0.8019806 0.7759821 0.7706979 0.7130202 0.6018606 0.6973391 0.9037251 1.105411 1.11472 0.9832087 0.9118449 0.7723595 0.6785864 0.7130202 0.7206216 0.6405596 0.5606381 0.8096371 0.7326416 0.5559011 0.4863965 0.3955266 0.309084 0.2163451 0.1476475 0.1432392 0.1415506 0.05371478 0.08493049 0.2001824 0.3526818 0.526585 0.5408492 0.2095709 0.2156029 0.5067312 0.5040355 0.3671552 0.4924549 0.5165983 0.454543 0.432684 0.3202898 0.304381 0.3202898
0.9694227 0.8640214 0.7595974 0.8605834 0.6852843 0.4916405 0.5127055 0.1899098 0.4255875 0.8051714 1.005207 0.9760938 0.8111202 0.6967643 0.6973391 0.7773233 0.855822 0.9612062 0.8345873 0.7381984 0.684114 0.5084678 0.5412935 0.557197 0.4870551 0.6467843 0.7739142 0.8075562 0.6714638 0.62035 0.7270423 0.7347167 0.6855181 0.6160724 0.5959734 0.4416664 0.2310348 0.6067669 0.8482048 0.6911061 0.4870551 0.3049071 0.3865085 0.4837531 0.5026025 0.5013253 0.5195374 0.5026025 0.4297103 0.3371132 0.3420692 0.2658727 0 0.3038539 0.4051356 0.5164432 0.5164432 0.3691145 0.4792594 0.5365351 0.4643113 0.4082883 0.3080451 0.3165142 0.3286873
0.6803554 0.6921488 0.7648535 0.7759821 0.6966493 0.4699726 0.4767446 0.5809944 0.7899004 0.988734 0.9434553 0.7360243 0.6455442 0.6160724 0.6739653 0.8345873 0.9562759 0.9674373 0.7759821 0.7161599 0.660272 0.5165983 0.5836092 0.5561894 0.5371322 0.6594219 0.687852 0.7154883 0.591113 0.5983888 0.7700738 0.749616 0.5836092 0.4817611 0.3798154 0.1201098 0.2156029 0.5241444 0.9794533 1.137906 1.109678 0.9293379 0.6624529 0.3565239 0.1882141 0.2914687 0.3492566 0.358094 0.3598799 0.358094 0.3202898 0.1132406 0.2493853 0.387337 0.4059261 0.5164432 0.4668931 0.3041176 0.3764242 0.4670648 0.4711647 0.353136 0.3294179 0.3553982 0.358094
0.3939023 0.7206216 1.030939 1.098359 1.080787 1.037214 0.9689267 0.8568512 0.8884356 0.8482993 0.7498297 0.6487636 0.6467843 0.6893647 0.752177 0.8845493 0.9612062 0.9220678 0.7731891 0.7976729 0.7858324 0.653563 0.6245982 0.5725189 0.5959734 0.62035 0.6285628 0.6632991 0.5661852 0.6357881 0.7251663 0.5604951 0.4086807 0.2582268 0.1012855 0.406912 0.6124195 0.5449821 0.5041944 0.5219995 0.5845696 0.4792594 0.5930079 0.8720517 0.8694753 0.8253195 0.6608785 0.4648288 0.2211085 0.1089113 0.1882141 0.2388802 0.2887059 0.3342482 0.3932914 0.4872196 0.3245157 0.1825946 0.2955644 0.4300831 0.4765764 0.330147 0.3401897 0.2944777 0.2892606
0.703175 1.062548 1.048965 1.059225 1.074319 0.9047884 0.7648535 0.7713215 0.8609558 0.8623506 0.6728944 0.6005276 0.7180595 0.8631864 0.8991923 0.9136882 0.9386878 0.9337243 0.8102307 0.8623506 0.8000801 0.6253675 0.6018606 0.5808564 0.6111097 0.653563 0.7094149 0.6467843 0.5229198 0.5927376 0.5668924 0.4389362 0.4193274 0.1012855 0.3080451 0.6583273 0.6642649 0.3267308 0.296647 0.3059567 0.4191362 0.8771817 1.196781 0.9262292 0.7979742 0.9249308 0.8605834 0.7381984 0.6327559 0.465518 0.4533072 0.4297103 0.2532123 0.1969535 0.4740474 0.4886977 0.2435319 0.1825946 0.3242686 0.4356374 0.4037485 0.3064801 0.3932914 0.3344879 0.2887059
1.02611 0.9137759 0.8170257 0.8119101 0.7366772 0.6135961 0.7185057 0.9544309 0.9453217 0.8364094 0.6331357 0.6608785 0.8934715 0.9721461 0.8701201 0.9371502 1.051939 1.088983 0.9903532 0.857599 0.7036307 0.6330091 0.6341475 0.6118959 0.6540532 0.7326416 0.7806149 0.6632991 0.5390682 0.526585 0.4772486 0.4529535 0.4082883 0.1601462 0.6263918 0.666072 0.3418348 0.3585413 0.5408492 0.531734 0.7473679 1.056195 0.9852436 0.3492566 0.1915904 0.2185565 0.3342482 0.2493853 0.3706312 0.4300831 0.4253992 0.3798154 0.3526818 0.2889834 0.5165983 0.4474351 0.2378716 0.2727177 0.3856782 0.3865085 0.2887059 0.3059567 0.3738606 0.3510875 0.3567486
0.9263157 0.7090759 0.7381984 0.7430669 0.6973391 0.653563 0.903193 1.005526 0.8428032 0.7251663 0.6930744 0.8170257 0.9674373 0.8683688 0.7473679 0.9146523 1.113569 1.051406 0.8996377 0.7825627 0.6887833 0.6756278 0.6517212 0.6628157 0.6405596 0.698143 0.6350314 0.4668931 0.5371322 0.5661852 0.4311997 0.3856782 0.2532123 0.5661852 0.8165352 0.3798154 0.1194406 0.6418094 0.7077186 0.7347167 0.9242375 0.8894271 0.5041944 0.2952931 0.4709946 0.4777521 0.36868 0.1601462 0.03580986 0.2264803 0.2691682 0.2606979 0.3291745 0.3865085 0.5449821 0.5192288 0.4330543 0.4225639 0.3817097 0.2727177 0.1977656 0.2864765 0.358094 0.3049071 0.330147
0.6768128 0.7412314 0.8103296 0.712683 0.6728944 0.7547294 1.034817 0.8826451 0.7035168 0.83228 0.973793 1.142402 1.125234 0.917189 0.930458 1.133745 1.140437 0.8768163 0.76223 0.6967643 0.6295819 0.6263918 0.5808564 0.6184093 0.656987 0.6911061 0.5164432 0.36868 0.5120799 0.330147 0.1266068 0.2088047 0.4777521 0.9128987 0.5697126 0.1089113 0.432128 0.8325688 0.8364094 0.8232782 0.8200602 0.4518907 0.08493049 0.1601462 0.1977656 0.2606979 0.2178218 0.1476475 0.1540237 0.1645886 0.07382388 0.1524546 0.2532123 0.2606979 0.3844294 0.465518 0.4051356 0.4176038 0.3286873 0.2544752 0.3038539 0.3806584 0.387337 0.2643613 0.3856782
0.6837625 0.7971705 0.8325688 0.6182797 0.6160724 0.8244452 1.054449 0.988815 1.019059 1.137976 1.210622 1.28377 1.14716 1.001054 1.108378 1.292537 1.083822 0.8701201 0.8612349 0.7286936 0.6605147 0.6405596 0.6405596 0.6405596 0.6118959 0.5530105 0.4003599 0.3059567 0.3059567 0.1621356 0.3342482 0.4133603 0.7117829 0.660272 0.1529794 0.3291745 0.6446747 0.8973192 0.7537733 0.6805909 0.5445408 0.1132406 0.08007324 0.1012855 0.151928 0.1601462 0.1432392 0.1601462 0.2025703 0.2327628 0.2178218 0.1936707 0.2532123 0.2691682 0.3313585 0.4255875 0.403947 0.3476466 0.2718347 0.2887059 0.3798154 0.354495 0.358094 0.3553982 0.6375502
0.7853224 0.8253195 0.8096371 0.585802 0.752177 1.063678 1.153705 1.105918 1.173531 1.093168 1.049118 1.128007 1.016855 1.050796 1.193161 1.108595 0.78471 0.76223 0.8356428 0.78471 0.7326416 0.6253675 0.6330091 0.5690089 0.465518 0.4090727 0.2845115 0.08952458 0.2239895 0.4191362 0.526585 0.6097969 0.6487636 0.2582268 0.3875438 0.4886977 0.6286903 0.7434981 0.5773971 0.5165983 0.3574219 0.1790487 0.1621356 0.1965461 0.2435319 0.1758875 0.1132406 0.1132406 0.1432392 0.296647 0.2914687 0.181273 0.2025703 0.2532123 0.2830995 0.3059567 0.3764242 0.3955266 0.2088047 0.3080451 0.354495 0.2025703 0.3397182 0.4668931 0.6756278
0.6152915 0.647651 0.7409071 0.6331357 0.9128987 1.280083 1.149393 0.9972056 0.9488746 0.9062925 1.040838 1.161869 0.9779798 0.9262292 0.9859752 0.8228888 0.6330091 0.6911061 0.7849142 0.7220657 0.5687272 0.493755 0.5371322 0.4422104 0.3738606 0.3526818 0.266174 0.3598799 0.3167673 0.3444041 0.406912 0.3910435 0.3083052 0.1194406 0.6398086 0.6234425 0.4668931 0.5383244 0.5477689 0.4987611 0.358094 0.2148582 0.2532123 0.266174 0.2088047 0.1167257 0.1443539 0.212231 0.2025703 0.2944777 0.2513061 0.1882141 0.2532123 0.1772492 0.2088047 0.2544752 0.2606979 0.3798154 0.3598799 0.2606979 0.1928413 0.1291141 0.3963362 0.4994034 0.5622082
0.5153558 0.9783074 1.344472 1.33052 1.317089 1.355388 0.9240641 0.7507909 0.7984761 0.9119328 1.113138 1.056195 0.821427 0.7247241 0.687852 0.6018606 0.6087447 0.7130202 0.7094149 0.5698533 0.4082883 0.360325 0.4304557 0.3202898 0.2148582 0.1012855 0.2324183 0.6517212 0.493755 0.3397182 0.354495 0.1601462 0.1132406 0.4225639 0.8006808 0.6605147 0.4459999 0.4601503 0.4643113 0.3313585 0.2830995 0.1977656 0.2163451 0.2324183 0.161144 0.1167257 0.3202898 0.3673734 0.2727177 0.2156029 0.2264803 0.2563579 0.2727177 0.1928413 0.2041468 0.2532123 0.2278914 0.2606979 0.3723571 0.3126931 0.204539 0.2178218 0.3865085 0.4311997 0.5026025
0.9495499 1.63607 1.698585 1.433102 1.339877 1.157172 0.7553661 0.6481457 0.80248 0.93278 0.8642068 0.7648535 0.7528159 0.7648535 0.6966493 0.6263918 0.6573529 0.7036307 0.5983888 0.4585802 0.3439384 0.358094 0.4447403 0.2889834 0.2088047 0.2405519 0.5709772 0.8970513 0.5712578 0.358094 0.1843419 0.1291141 0.2544752 0.4587549 0.6862191 0.6078226 0.4023567 0.3673734 0.3363993 0.1146473 0.330147 0.4003599 0.2887059 0.1825946 0.151928 0.2776686 0.4133603 0.4298967 0.2952931 0.2254162 0.268572 0.3009386 0.2088047 0.1698606 0.2606979 0.2334504 0.2025703 0.2041468 0.2355013 0.2606979 0.3401897 0.3526818 0.3764242 0.4191362 0.4648288
1.525293 1.559401 0.9615396 0.7555782 1.0178 1.057938 0.8642068 0.8447973 1.00974 0.9368937 0.710769 0.5836092 0.5709772 0.5165983 0.4987611 0.5120799 0.6335153 0.5809944 0.4620621 0.4225639 0.4244562 0.5016449 0.4668931 0.2563579 0.5127055 0.7470462 0.8046737 0.623571 0.1476475 0.1645886 0.304381 0.4698021 0.4191362 0.358094 0.5064148 0.6583273 0.5165983 0.3041176 0.3205399 0.2254162 0.09129751 0.1132406 0.1363596 0.2264803 0.2264803 0.3397182 0.4152945 0.4311997 0.2041468 0.2178218 0.2532123 0.2887059 0.2278914 0.2544752 0.4082883 0.4334242 0.3963362 0.3397182 0.2922924 0.266174 0.5454231 0.5480614 0.4852418 0.4817611 0.4176038
1.546563 1.203056 0.8119101 0.9213724 1.189934 0.984837 0.8508456 0.953087 1.155024 1.009105 0.8173199 0.6756278 0.5959734 0.473032 0.3397182 0.3671552 0.6005276 0.5070474 0.4490442 0.4246449 0.3378257 0.2061003 0.1689143 0.4944038 0.9161402 0.9829642 0.6451716 0.2254162 0.1843419 0.3286873 0.3553982 0.3673734 0.2963767 0.2727177 0.36868 0.4297103 0.4620621 0.432128 0.2955644 0.2497064 0.3408957 0.4304557 0.432684 0.3856782 0.3242686 0.2405519 0.3585413 0.4387536 0.330147 0.1977656 0.2402184 0.3330472 0.3806584 0.4852418 0.6517212 0.6540532 0.5829222 0.5013253 0.3598799 0.3202898 0.6245982 0.5773971 0.3420692 0.3625424 0.2887059
1.36099 1.005526 0.7217327 0.7600192 0.9150026 0.5593502 0.4711647 0.8515987 0.9748619 0.7894946 0.7995792 0.8890667 0.9974465 0.9371502 0.7700738 0.6517212 0.6836452 0.4939173 0.2845115 0.04003664 0.4812618 0.9624556 1.20279 1.279458 1.157587 0.7853224 0.2185565 0.358094 0.2727177 0.2029656 0.2001824 0.2432026 0.2041468 0.330147 0.5622082 0.5287113 0.4486871 0.5318847 0.5845696 0.5371322 0.4620621 0.4372899 0.4082883 0.3397182 0.309084 0.2513061 0.2264803 0.4253992 0.4490442 0.1566038 0.1601462 0.36868 0.4620621 0.5445408 0.6335153 0.4767446 0.317273 0.2952931 0.2670758 0.23652 0.5167534 0.4573553 0.2061003 0.2776686 0.2156029
1.151412 0.8063647 0.4608464 0.5758684 0.7654819 0.4445601 0.5457169 0.9136882 0.8103296 0.6467843 0.6828243 0.8492433 0.9150026 0.8818278 0.9216332 0.7698657 0.5845696 0.2733048 0.1398417 0.5120799 0.8631864 1.041608 1.116945 1.046671 0.7417718 0.2779571 0.1392674 0.432684 0.2727177 0.1601462 0.2088047 0.3080451 0.4817611 0.6855181 0.6509831 0.5690089 0.6466604 0.6851673 0.5515594 0.4100511 0.4185622 0.3776995 0.330147 0.2691682 0.2178218 0.2378716 0.1253343 0.3195383 0.5213851 0.2779571 0.1601462 0.3740749 0.4476142 0.5323365 0.5374305 0.252261 0.07161969 0.05064278 0.1201098 0.1689143 0.3723571 0.3517717 0.2845115 0.3064801 0.1825946
0.8379408 0.6766944 0.5016449 0.712683 0.8488658 0.6088764 0.8528209 0.9296827 0.5845696 0.5845696 0.7612833 0.6855181 0.3831765 0.08493049 0.1936707 0.2658727 0.3598799 0.4847461 0.6173718 0.7663188 0.8359303 0.666072 0.2936601 0.09129751 0.05662034 0.1363596 0.2532123 0.3651854 0.2041468 0.1928413 0.3132053 0.4459999 0.589076 0.6579621 0.5606381 0.5604951 0.5374305 0.4698021 0.4053334 0.387337 0.4691192 0.4123898 0.2864765 0.1928413 0.1621356 0.2178218 0.2643613 0.1524546 0.4389362 0.4284028 0.2845115 0.3625424 0.4587549 0.5092552 0.5026025 0.1266068 0.1601462 0.1132406 0.08106797 0.1645886 0.2610052 0.2432026 0.304381 0.3492566 0.1869323
0.7600192 0.7233961 0.8106261 1.038372 0.9146523 0.7739142 0.9562759 0.76223 0.5120799 0.6967643 0.8809187 0.1969535 0.6005276 0.9399672 0.9419255 0.8006808 0.7039723 0.7181711 0.6517212 0.7089629 0.7220657 0.394309 0.06330346 0.3202898 0.3242686 0.1825946 0.2532123 0.3955266 0.2887059 0.3418348 0.406912 0.4452806 0.4416664 0.5016449 0.4658622 0.4003599 0.4573553 0.4886977 0.4704839 0.4804285 0.4977961 0.3291745 0.2606979 0.2727177 0.2418809 0.2156029 0.2458248 0.1825946 0.2634502 0.5041944 0.4029538 0.4021575 0.4304557 0.3492566 0.4870551 0.2493853 0.07161969 0.1601462 0.1825946 0.2582268 0.2535286 0.318785 0.3706312 0.3202898 0.3202898
0.7748454 0.7381984 0.9624556 1.051939 0.7772202 0.6865693 0.8138815 0.6266476 0.5971823 0.7347167 0.6051801 0.7360243 1.140437 0.8705804 0.6276698 0.4053334 0.2738907 0.266174 0.3723571 0.5515594 0.4306418 0.02532139 0.2264803 0.2727177 0.1621356 0.2282428 0.224347 0.5153558 0.4620621 0.4195184 0.3673734 0.3323245 0.3691145 0.4053334 0.4533072 0.5127055 0.4479721 0.4176038 0.4575305 0.465518 0.353136 0.1825946 0.1601462 0.1790487 0.1443539 0.1476475 0.1903313 0.1825946 0.1936707 0.4216146 0.4931054 0.4037485 0.3455656 0.2887059 0.432684 0.387337 0.2025703 0.05064278 0.2334504 0.2887059 0.3132053 0.354495 0.3205399 0.268572 0.4284028
0.7339528 0.7773233 0.9688441 0.8809187 0.6739653 0.7498297 0.9115813 0.7885806 0.653563 0.406912 0.2864765 1.261935 1.028605 0.3930876 0.3420692 0.2278914 0.1253343 0.2785332 0.4447403 0.3294179 0.1601462 0.3598799 0.36868 0.354495 0.1476475 0.2355013 0.2178218 0.6005276 0.4529535 0.2922924 0.1965461 0.2107151 0.3585413 0.4389362 0.4924549 0.5365351 0.4777521 0.4863965 0.4023567 0.3080451 0.3001386 0.2691682 0.2606979 0.2952931 0.3313585 0.3585413 0.4082883 0.3776995 0.2691682 0.2493853 0.4636204 0.3844294 0.3654048 0.3227823 0.3408957 0.3291745 0.2727177 0.2148582 0.2402184 0.2532123 0.330147 0.3080451 0.266174 0.3080451 0.4644839
0.6632991 0.8267744 0.8416617 0.6887833 0.7326416 0.8118114 0.8118114 0.5078369 0.212231 0.2264803 0.9502246 1.445011 0.8119101 0.4564783 0.3455656 0.2979948 0.2864765 0.4432964 0.5064148 0.2185565 0.4311997 0.4479721 0.4529535 0.3856782 0.2830995 0.2788208 0.2327628 0.601461 0.4668931 0.2506675 0.1432392 0.1882141 0.3776995 0.5758684 0.6018606 0.5164432 0.4620621 0.465518 0.407699 0.2563579 0.1645886 0.1790487 0.2864765 0.3939023 0.4297103 0.4297103 0.4608464 0.4603244 0.3601026 0.08493049 0.3476466 0.3132053 0.3930876 0.4208536 0.3567486 0.2952931 0.2952931 0.3242686 0.2691682 0.2606979 0.2963767 0.2532123 0.3062185 0.3926797 0.4204302
0.6446747 0.8720517 0.7871568 0.6517212 0.7931398 0.6208665 0.3738606 0.1476475 0.5836092 1.193027 1.531789 1.219456 0.57989 0.6456683 0.5454231 0.6540532 0.7170545 0.5378777 0.1650749 0.5336897 0.5287113 0.2738907 0.3291745 0.2738907 0.4311997 0.4891894 0.2670758 0.4931054 0.5288628 0.2691682 0.1928413 0.3476466 0.5246029 0.6285628 0.6115029 0.4474351 0.3856782 0.3397182 0.3444041 0.309084 0.1843419 0.2088047 0.3059567 0.3049071 0.2864765 0.2532123 0.1981705 0.224347 0.3932914 0.2582268 0.2041468 0.2095709 0.3323245 0.4422104 0.4698021 0.36868 0.3202898 0.4082883 0.3242686 0.2864765 0.3242686 0.3083052 0.2706199 -9999 -9999
0.6405596 0.8379408 0.7254977 0.6361661 0.7418798 0.4387536 0.2779571 0.7008922 1.32817 1.611913 1.175373 0.6263918 0.2458248 0.4476142 0.2445172 0.3284433 0.3621 0.2765117 0.317273 0.5927376 0.3856782 0.2292938 0.2402184 0.2606979 0.4356374 0.6111097 0.3926797 0.4476142 0.5732183 0.2727177 0.2727177 0.4845807 0.5712578 0.5190744 0.5041944 0.3401897 0.3397182 0.3397182 0.3598799 0.3598799 0.2765117 0.266174 0.2061003 0.1432392 0.1432392 0.1566038 0.1524546 0.1020737 0.2544752 0.318785 0.08493049 0.1899098 0.2254162 0.3144821 0.4253992 0.3651854 0.2952931 0.4082883 0.4082883 0.3361344 -9999 -9999 -9999 -9999 -9999
0.6405596 0.787055 0.6456683 0.6039872 0.5819591 0.4924549 1.349644 1.805671 1.565908 0.6663125 0.1167257 0.3444041 0.5040355 0.520462 0.3323245 0.3975476 0.4863965 0.520462 0.5089404 0.4082883 0.2864765 0.2691682 0.1843419 0.2041468 0.2402184 0.454543 0.5378777 0.4711647 0.5477689 0.1869323 0.296647 0.5026025 0.57989 0.4372899 0.317273 0.2211085 0.3202898 0.4082883 0.4152945 0.4121954 0.3621 0.1843419 0.06455712 0.05064278 0.07161969 0.1146473 0.151928 0.1443539 0.1650749 0.2963767 0.1650749 0.330147 0.2936601 0.3080451 0.4246449 0.3277648 -9999 -9999 -9999 -9999 -9999 -9999 -9999 -9999 -9999
0.6005276 0.7082844 0.6285628 0.4564783 0.3625424 1.172917 1.854307 1.497907 0.7490813 0.3444041 0.325502 0.3114089 0.4225639 0.3418348 0.2388802 0.3517717 0.5492299 0.5905704 0.3567486 0.2682734 0.317273 0.2606979 0.2388802 0.2088047 0.2025703 0.3831765 0.6540532 0.2682734 0.4772486 0.2955644 0.3926797 0.5740566 0.6182797 0.394309 0.1981705 0.1825946 0.3242686 0.4356374 0.3955266 0.4297103 0.4208536 0.1443539 0.0126607 0.08106797 0.06455712 0.1266068 0.1146473 0.1321813 0.1899098 0.268572 0.2432026 0.354495 0.2560451 0.2330687 -9999 -9999 -9999 -9999 -9999 -9999 -9999 -9999 -9999 -9999 -9999
