Data/aspect1.asc
ncols         357
nrows         223
xllcorner     457900
yllcorner     5716800
cellsize      100
NODATA_value  -9999
[rows 168 to 195 of 223, columns 192 to 255 of 357]
126.7241 174.4725 214.6952 235.3487 235.0331 183.8141 111.7571 112.2176 147.6002 157.9321 158.4047 177.2737 161.565 55.95406 53.29715 57.26477 81.46923 151.6992 206.0296 202.8645 185.8263 166.8551 132.9727 105.8192 96.70984 100.7843 92.72631 93.17983 113.9625 135 230.7106 225.8952 184.2679 208.3008 229.6199 209.0546 183.0587 201.4052 225.4152 208.3008 92.63244 82.75813 113.9625 227.8624 236.3099 229.2892 230.3322 236.1888 236.2415 225.3048 193.5704 209.8325 227.8506 225 160.641 77.4907 76.39691 83.87582 103.3136 163.355 198.435 111.8014 84.86362 100.7131
101.5752 148.2405 208.3008 233.3659 231.4935 181.7624 122.0574 113.8831 132.546 145.561 157.9638 193.2764 215.5377 192.9946 50.19443 50.19443 62.24146 88.83086 170.1342 177.6467 179.0906 160.4633 79.15969 62.03777 66.96056 73.07249 70.55997 77.73523 105.2551 140.7106 204.444 211.5043 194.9816 209.5388 222.5805 207.7342 195.7808 219.6442 228.0448 211.5838 145.4915 94.844 92.56377 260.1342 273.0941 279.0395 280.8139 264.5226 228.8141 219.144 207.929 209.1808 222.2994 225.913 217.0304 96.63251 78.45331 82.56859 95.77432 123.8351 189.3891 175.7778 122.3073 123.6901
72.58203 85.156 176.0091 222.3974 228.8141 184.1276 113.9021 108.435 115.0169 113.6294 132.337 241.3895 268.3634 228.8141 143.427 120.3236 104.1986 101.8887 122.9052 162.8973 205.71 228.3665 352.5686 41.18592 55.58163 45.93919 46.43209 64.29005 49.89909 52.85331 122.0054 203.1986 214.992 225 219.8056 206.8962 210.4998 228.3665 214.5401 199.5923 183.2052 122.2213 114.1932 272.9357 301.0973 321.2035 345.0414 40.91438 202.1095 220.6955 227.3091 213.4399 212.2344 223.1298 219.2417 185.6307 87.18444 83.12089 92.90191 111.3706 155.4723 180 152.6223 171.5289
76.05941 93.28925 121.3287 211.2184 234.888 206.2587 106.4675 100.6698 113.4287 117.1497 130.0303 288.0605 309.0355 41.18592 113.7495 132.7974 123.2749 102.7244 79.99202 63.43495 174.8056 233.427 271.0809 29.74488 50.31454 38.88449 47.41951 62.41797 28.49564 32.98852 54.8193 108.435 218.6598 220.3645 200.3231 192.5288 205.5139 213.0434 198.435 191.1038 190.4915 144.3447 143.1301 253.7798 273.2705 292.0831 48.12213 107.6318 188.1301 214.6952 223.977 223.9391 193.0791 210.7932 221.7108 216.573 117.4076 85.88181 86.96596 103.2405 125.4069 167.55 168.4078 227.4366
73.76765 94.2364 111.9487 184.9697 229.3045 202.1355 128.601 114.5196 120.3027 120.2564 228.8141 274.5378 286.3895 45 49.33231 43.12212 47.00955 48.65222 41.72951 40.42608 70.20113 231.7098 240.0685 206.565 64.44003 52.0165 57.83561 64.17901 85.10091 130.2364 77.47119 78.27489 198.435 203.8387 189.2933 184.844 199.3978 202.4965 197.549 193.7995 190.6849 162.8476 160.9065 243.435 253.4548 245.647 133.2643 118.5658 184.9937 214.992 228.8141 226.1017 181.2922 182.4293 221.9059 220.3331 175.4139 103.8091 97.57295 109.204 121.1713 143.1301 183.6522 242.1759
65.48035 71.56505 96.63251 147.3391 202.8905 186.8428 155.3892 145.3048 140.3322 137.4895 225 246.6823 227.1476 167.125 118.4956 58.67131 63.43495 69.34109 69.77514 76.75948 85.36454 149.0362 219.144 213.4654 177.1376 104.7436 70.0836 52.7336 57.93806 97.12502 119.9816 104.0362 139.3987 191.3099 185.1944 190.008 190.1755 190.561 201.0375 198.435 196.46 187.0284 176.7603 241.2602 248.9625 230.5916 146.7683 125.6764 189.3447 237.2005 257.6192 250.5139 154.44 163.0725 210.3322 218.6076 193.9378 136.0708 111.5787 109.0692 120.4655 129.4278 215.9097 248.4986
65.25646 66.80141 78.02386 110.7723 161.0296 167.6446 157.1452 154.2593 155.9245 166.6755 194.3814 210.6773 197.1985 179.4032 184.1081 179.5756 146.6593 120.2564 84.09386 53.74616 36.63411 39.80557 66.80141 205.4633 177.8789 158.3177 162.3499 41.05481 39.28941 34.44819 40.36454 56.88866 66.80141 141.3402 180 193.3925 173.6598 169.992 202.249 202.1664 197.9044 195.124 192.9946 240.732 247.4794 223.4378 148.6576 133.7939 243.0042 285.0378 293.7204 312.9546 92.35329 112.1095 213.9298 218.4679 189.2856 155.9497 121.7198 113.0089 131.9872 140.7106 300.3791 315.8185
69.66739 65.64699 62.69364 68.80595 91.78991 122.1957 133.8767 138.6522 145.7843 161.565 177.3974 189.8458 189.6518 178.1283 188.7462 200.647 194.2159 225 0 11.92932 20.82089 48.2397 62.35402 117.4744 145.0806 162.0127 187.5494 209.1975 116.565 44.16969 32.22127 35.02229 47.663 68.4287 167.0054 187.125 161.565 143.1301 186.3402 194.3493 188.1301 191.9761 207.646 239.2159 242.7447 214.5085 146.8215 156.5713 275.2813 291.0375 310.2799 23.87528 80.83765 93.28925 191.3099 186.6667 169.177 166.5742 135.9022 127.3718 155.9245 301.2637 313.4926 328.1472
204.444 64.86142 58.04564 57.43956 69.26129 85.71085 93.36646 72.64597 59.03624 86.63354 133.5312 172.0928 185.5275 181.8087 196.7626 228.0128 245.8545 282.4259 328.707 8.130101 35.53768 49.76364 43.02507 48.2397 64.50245 76.60751 151.6992 191.8215 188.2525 174.629 152.7839 109.3232 88.5312 83.15723 108.435 176.6335 171.0274 142.125 155.556 180 180 188.1301 211.9081 227.2312 225 203.1986 158.4047 200.6589 254.4385 257.4712 254.4537 45 65.48035 87.39744 144.3099 169.6952 156.9487 154.8552 137.1816 126.8699 322.319 331.4254 329.9314 328.4698
213.7449 130.1148 85.17478 82.34229 90 84.93639 38.29016 8.365886 22.16635 48.01279 61.18921 90 150.1541 176.9335 194.7887 215.1807 226.4564 233.2971 252.4744 341.5651 31.55138 32.66091 35.53768 45.78482 36.75368 27.03086 46.63658 93.12213 167.6609 180 172.5686 156.2864 130.6013 85.6013 32.90524 25.70995 71.56505 122.9052 135 161.565 172.875 171.8699 202.0679 213.1113 211.1153 203.0913 181.606 198.435 227.6425 224.0398 216.9137 215.789 86.53177 74.85207 91.31189 148.2405 171.6341 127.5686 109.44 252.7585 285.5875 311.9552 330.2776 338.7931
204.444 181.2189 137.7006 115.413 109.0412 64.79887 349.2869 356.6981 23.19859 52.04577 63.01977 79.13594 109.4703 150.0685 180 197.193 201.7638 204.9515 215.8648 223.8542 276.3402 58.67131 92.54481 100.6197 348.3407 12.43956 44.11176 52.33438 47.2026 21.50143 15.75117 26.14684 17.96914 12.80427 15.25512 24.32557 38.65981 41.05481 53.97263 85.6013 153.435 141.3402 176.1859 194.4208 201.3706 204.7024 192.9178 194.4208 214.9309 214.5226 217.4054 232.2369 237.0948 70.95338 71.02112 78.43987 157.8336 141.7098 80.90972 190.4077 233.5172 237.4029 254.0265 286.3558
154.5367 180.6161 154.9831 122.4067 69.22775 351.3843 336.5953 40.03026 112.3062 119.5388 124.1699 131.5834 138.294 149.3936 164.9622 190.0493 193.151 199.7843 210.562 207.0836 194.6132 172.1936 155.311 177.3804 232.4314 268.1524 45 38.96999 30.73549 11.30993 355.3893 358.2212 5.710592 13.42581 21.63089 33.07068 36.8699 35.1807 45 54.09027 86.63354 140.7106 153.435 147.9946 178.0251 198.435 195.2551 198.435 210.7841 214.6952 225 237.4396 234.8193 102.6193 66.20923 61.69925 82.56859 172.875 116.565 92.7927 220.0063 229.887 228.6445 222.2637
35.30555 32.9694 7.001267 2.489552 8.492728 14.30028 77.96941 138.8141 145.271 145.3625 144.7921 147.6282 150.4786 155.4623 159.6236 171.0274 188.9726 205.4077 208.0402 202.9794 193.6936 180 173.8074 186.9344 199.6195 198.1069 194.802 99.46233 26.91655 10.53918 350.5377 348.802 9.509479 26.00335 33.47628 39.7462 36.06941 37.9835 44.04516 42.51045 49.89909 74.35775 139.0856 150.9454 146.3099 163.6105 186.7098 198.435 206.8781 212.9574 224.0036 228.3665 221.0995 199.1445 123.9765 75.01836 66.12472 89.09062 154.359 117.4287 152.9691 243.0121 237.4259 218.8114
38.87581 26.0631 357.1729 351.9643 14.16538 48.97673 92.06382 124.1597 134.6485 139.5618 142.9355 145.1915 135 8.972626 356.1859 37.87498 26.56505 90 198.435 210.7355 195.732 182.7852 180.8905 185.3392 192.3909 195.6936 198.8826 202.2759 208.3008 292.1664 331.7984 325.1247 19.74684 36.29778 39.09386 38.60104 27.94303 32.94921 40.17923 30.34325 29.74488 45 58.13402 78.69007 122.4712 135 153.435 180 196.8214 204.6769 213.4533 214.8343 210.8277 202.2035 185.8446 158.3253 125.3266 110.1707 132.5634 135 133.698 240.3885 229.943 213.8614
144.0193 59.03624 357.6627 325.561 68.90205 87.54095 94.17609 105.5646 118.8798 128.9115 135 21.03751 346.6075 6.340191 45 45 75.96375 77.00539 63.43495 186.3402 182.4895 182.1211 178.1524 176.8202 196.3895 194.0362 197.3189 208.0418 212.2889 205.6202 194.8797 187.1935 176.4237 170.6335 154.5583 64.65382 15.87595 32.97772 37.94215 18.14558 24.80567 46.7534 42.39744 22.9321 45 77.73523 135 135 135 178.3634 197.1524 202.6806 206.4369 202.3801 192.1549 181.0975 169.6242 157.3532 156.9385 156.541 118.3008 218.0189 219.7661 219.9681
188.6955 173.8298 178.678 187.5653 154.9557 116.1018 101.9761 102.9033 109.6257 115.8519 320.1944 345.2564 30.96376 18.43495 30.96376 51.34019 52.12502 38.65981 39.80557 34.69515 12.99462 35.53768 104.0362 146.3099 173.6598 145.3048 169.992 222.3162 216.4355 205.56 191.9061 178.5395 175.0176 180.4244 187.5121 196.5044 203.3852 120.2564 30.96376 11.30993 30.83294 50.90614 40.86533 23.89516 40.156 54.03948 74.74488 155.556 130.6013 117.646 154.6538 195.2551 206.565 200.2249 191.3099 187.9355 181.5074 170.7539 172.1645 190.0806 179.1186 160.0169 214.6337 222.3974
188.5158 182.0177 183.6085 187.9175 168.6079 135 114.9661 107.8787 107.3393 101.3099 311.1859 30.96376 35.53768 0 23.19859 32.00538 13.3925 16.92751 27.64598 18.43495 13.3925 41.18592 59.03624 56.30993 78.69007 95.19443 108.435 204.444 214.2157 209.8459 190.4077 172.7826 170.4509 180.5673 193.0652 199.3498 202.5573 201.0083 198.6767 191.3099 80.94211 68.27895 55.85641 57.01148 80.53767 81.8699 68.7495 60.25512 93.81407 82.87498 14.74356 23.74949 123.6901 191.7683 193.6713 197.1524 189.6888 179.2361 174.0355 188.3257 185.0921 165.0686 200.2826 208.0508
188.9017 186.4588 188.339 191.2357 177.6756 154.3674 130.4487 116.8075 113.9225 279.4623 333.4349 30.96376 8.130101 351.8699 45 36.8699 11.30993 45 61.69925 54.46232 23.19859 36.8699 33.69007 25.55997 20.22486 26.56505 15.25512 20.22486 0 263.6598 166.6075 135 135 156.0375 192.9946 207.646 209.1738 204.2744 197.8787 190.0926 179.7717 163.3008 124.992 99.58295 99.58295 84.80557 42.8789 31.42957 38.41806 34.99202 350.5377 54.46232 60.9454 64.65382 175.6013 209.3578 196.6992 186.6325 170.1342 167.9052 183.4682 178.0909 187.3524 194.6209
192.4557 187.6378 186.1648 189.9042 183.8384 168.4533 142.125 124.2673 112.8905 307.4054 353.6598 5.194428 11.30993 8.130101 5.194428 10.00798 14.03624 26.56505 37.87498 53.74616 108.435 180 26.56505 31.75948 23.19859 18.43495 15.25512 15.64225 8.130101 354.8056 30.06858 34.2157 39.28941 59.93142 78.69007 217.875 221.0548 202.0362 193.6367 188.5194 189.4623 194.7197 182.459 151.6992 137.9609 149.0362 143.1301 82.56859 81.8699 77.47119 108.435 130.2364 106.3895 83.65981 90 217.875 206.565 188.9726 153.435 135 176.1859 191.3099 186.3402 171.8699
199.2593 185.1944 181.5694 188.1301 185.1944 172.3881 150.5725 128.7742 0 333.4349 350.5377 11.30993 35.53768 333.4349 335.7722 358.9949 8.972626 6.340191 6.54629 22.10945 46.59114 119.0546 200.556 135 114.444 135 153.435 225 8.130101 74.74488 119.0546 81.8699 52.12502 52.76517 48.57634 18.43495 288.4349 45 90 159.444 206.1139 210.8089 188.8264 171.9643 171.545 181.3748 186.9272 173.3675 164.8989 166.2637 156.4477 162.4744 177.8789 120.9638 106.9275 164.0546 196.6992 219.8056 104.0362 101.3099 143.1301 180 194.0362 153.435
14.03624 101.3099 90 180 160.0169 145.9541 143.5308 333.4349 333.4349 338.1986 0 75.96375 341.5651 311.4237 325.1755 0 19.35899 15.25512 356.4237 27.64598 48.06649 39.28941 355.2364 352.5686 13.24052 19.35899 15.25512 347.7352 352.875 22.61986 7.696051 7.696051 47.60256 76.42957 63.43495 21.03751 336.8014 341.5651 13.24052 22.52057 8.130101 309.2894 165.9638 152.9279 168.6901 185.3558 188.5308 180.6296 180.674 181.5911 165.3432 170.3948 187.8831 180 154.44 135 195.9454 231.7098 168.6901 104.0362 104.0362 135 161.565 149.9314
7.125016 11.30993 29.0546 18.43495 17.10273 19.13364 8.746161 10.49148 351.8699 315 23.19859 63.43495 303.6901 281.3099 283.5704 81.8699 101.3099 111.0375 186.3402 128.6598 74.98164 46.54816 8.841814 348.1785 5.440331 21.80141 14.03624 357.5104 357.7094 1.123302 357.8789 13.7816 39.55967 35.78897 13.73627 14.03624 18.43495 243.435 170.5377 122.4712 75.96375 36.8699 41.18592 38.41806 25.20112 21.37062 54.46232 149.0362 188.1301 194.5345 155.556 142.5947 184.3987 204.444 194.5345 151.3895 188.1301 236.3099 225 84.80557 71.56505 98.1301 125.5377 135
343.8866 4.398705 23.19859 8.130101 358.3634 1.548157 22.52057 50.52754 38.65981 299.0546 23.19859 45 303.6901 248.9625 231.5819 153.435 140.7106 151.3895 171.8699 163.0725 132.3974 110.556 15.25512 18.43495 135 127.875 339.4439 345.9637 5.90614 14.74356 0 39.80557 39.28941 20.22486 9.605204 20.77225 33.99646 42.1376 95.19443 153.435 161.565 113.1986 129.2894 116.565 50.19443 61.38954 63.43495 33.69007 11.30993 348.6901 23.19859 45 28.30075 299.0546 216.8699 140.1944 195.2551 219.2894 188.9726 171.8699 168.1113 165.5792 150.6422 135
345.4655 359.3415 8.447527 10.6539 12.45 5.389311 32.27564 62.10273 54.46232 306.8699 351.8699 32.47119 9.462321 283.3925 241.3895 154.44 141.009 150.9454 160.0169 165.9638 139.3987 153.435 225 56.30993 23.96249 355.9144 330.5241 11.30993 127.875 116.565 45 71.56505 78.69007 65.55605 68.96249 68.62938 42.7974 30.96376 33.69007 23.74949 4.398705 39.28941 53.74616 6.340191 36.8699 67.38013 53.1301 30.96376 26.56505 56.30993 125.5377 142.125 135 188.1301 225 71.56505 123.6901 174.8056 172.304 173.3675 175.8151 173.2902 155.2249 139.0856
351.2094 356.7845 6.044091 18.85316 18.83843 8.310276 30.06858 62.85032 70.55997 315 330.9454 24.44395 0 320.1944 251.565 129.2894 116.565 108.435 56.30993 356.1859 2.489552 344.4759 345.7355 359.2152 0 354.8056 357.7688 18.97041 34.38034 50.71059 135 146.3099 145.3048 144.4623 135 111.0375 71.56505 53.1301 45 32.90524 18.43495 30.06858 45 15.9454 45 57.09476 30.96376 21.37062 27.89727 64.98311 90 101.3099 45 26.56505 258.6901 135 116.565 128.6598 113.1986 98.1301 161.565 161.565 135 153.435
4.398705 5.90614 15.83239 20.55605 20.9245 14.03624 55.56101 79.65131 81.46923 307.875 326.3099 30.96376 341.5651 315 56.30993 60.9454 12.99462 352.875 345.0686 347.9492 357.2737 346.4296 345.0414 0.8550966 359.132 351.1075 358.2643 13.45584 24.5074 29.0546 37.50414 63.43495 105.2551 114.444 123.6901 140.7106 180 45 57.09476 51.34019 41.63354 59.93142 73.61046 33.69007 50.71059 64.98311 71.56505 71.56505 68.96249 57.99462 52.59464 65.55605 180 108.435 144.4623 156.8014 123.6901 111.8014 143.1301 144.4623 153.435 135 122.4712 135
18.11307 22.38013 27.97947 27.47443 32.125 62.8787 101.0937 101.5048 82.40536 330.9454 0 326.3099 336.0375 347.0054 349.2157 349.249 349.992 352.2164 347.9052 346.0594 356.0818 349.0075 346.4296 0.5354582 351.8699 345.8668 358.6881 17.10273 27.19813 27.47443 27.93714 34.28688 23.74949 6.072456 6.54629 26.56505 37.40536 296.5651 64.98311 75.25644 95.19443 98.1301 57.52881 353.6598 18.43495 57.80426 93.01279 140.7106 135 104.0362 61.69925 56.30993 35.53768 101.3099 113.1986 143.1301 146.3099 105.2551 111.8014 156.8014 165.9638 135 119.0546 111.8014
45 57.26477 65.37643 78.69007 106.6992 119.6045 121.6608 121.5043 52.12502 21.03751 14.03624 312.1376 326.8887 342.8973 340.3462 341.0753 347.4712 354.6442 350.9724 341.5651 351.2538 350.5377 350.8376 350.3948 335.6744 338.9625 7.52382 22.96377 29.16761 28.64418 29.2612 36.80193 28.36905 355.8151 351.5525 22.94894 43.33972 49.08562 123.6901 105.2551 97.43141 45 355.2364 355.6013 15.25512 52.85331 55.12467 40.91438 45 90 123.6901 59.03624 35.53768 45 63.43495 53.1301 90 111.8014 101.3099 101.3099 135 101.3099 81.8699 84.80557
