Data/aspect1.asc
ncols         357
nrows         223
xllcorner     457900
yllcorner     5716800
cellsize      100
NODATA_value  -9999
[rows 28 to 55 of 223, columns 256 to 319 of 357]
116.0754 95.76263 90.64375 98.1301 103.3925 98.1301 93.17983 103.1726 135 114.1455 79.99202 319.0856 315 343.393 73.88658 83.21103 68.19859 18.43495 8.130101 353.6598 33.69007 41.82017 40.03026 51.84277 333.4349 302.5926 304.5625 305.5377 313.6981 320.9061 275.1944 264.8056 302.4712 324.2461 327.926 332.6501 336.9911 329.8265 307.0928 319.8991 335.556 284.2159 276.6544 275.7106 102.2648 100.4258 103.0552 106.9275 93.71529 9.293308 348.6901 27.55281 84.95755 81.38435 12.38076 334.29 38.99099 67.16634 22.24902 333.4349 340.3462 23.96249 24.44395 49.76364
135.8814 118.4652 105.4885 100.4375 102.7244 101.3099 90 82.7468 90 71.56505 341.5651 318.5763 319.2679 33.69007 80.25636 71.56505 45 0 354.8056 350.5377 15.9454 29.0546 71.56505 88.15239 292.8336 295.0169 304.8753 292.3801 294.7751 333.4349 354.8056 294.7751 253.3008 259.439 280.0975 305.3625 338.334 351.6897 333.6767 338.0089 1.123302 326.6894 284.9667 267.2737 106.6992 101.4755 100.3416 83.21103 9.833563 353.1572 24.44395 82.87498 81.38435 41.90594 354.6107 337.9887 51.63251 61.22019 348.3407 333.4349 353.7742 10.49148 26.31265 53.61565
138.6329 135 124.992 106.3895 101.6593 109.5923 113.7495 95.19443 47.8624 338.9625 330.3763 328.4382 348.6901 40.36454 60.25512 59.87568 46.54816 18.43495 0 355.6013 9.462321 39.28941 77.61924 70.34618 285.2551 287.8503 304.5085 294.2744 289.1336 303.6901 342.3499 348.3407 339.1022 296.5651 257.7352 242.8189 238.3925 250.3462 275.3893 286.607 347.7352 343.8108 300.6773 263.6598 104.8265 94.53777 77.47119 13.70696 348.1356 16.92751 57.926 58.53585 33.90628 14.58892 1.684684 351.8699 42.75426 42.18444 331.6208 327.8043 2.337305 28.90918 55.12467 69.50741
121.2184 128.7742 139.9697 125.3112 105.4222 100.6698 109.9831 37.87498 343.2173 330.5241 325.3048 333.4349 4.267892 35.06361 49.80349 55.7843 48.50353 36.25384 14.74356 353.6598 20.55605 69.44395 85.6013 62.35402 287.8787 294.0442 315 309.2894 318.4336 325.8403 330.4612 341.5651 353.5006 344.6045 321.9529 284.3003 256.7014 254.5388 269.0608 276.5198 302.0054 336.5713 338.1986 14.42077 70.55997 67.90577 40.10091 346.4641 352.9421 45 51.93435 32.84506 19.23067 9.566686 0.5787248 0.5562515 28.95099 28.8355 324.4623 327.0426 53.29715 96.14663 99.16235 80.21759
108.435 108.9046 131.0091 142.9435 133.698 110.2249 70.34618 319.9697 323.4034 322.7478 322.2487 338.6294 7.980113 31.32869 45.8551 52.33861 52.3264 54.46232 27.89727 343.6105 53.1301 95.52754 111.0375 161.565 286.631 298.3008 320.8264 314.0122 317.8156 332.1759 332.1759 334.6538 353.047 350.9605 344.8459 343.7398 333.4349 327.2648 321.7536 319.0377 324.0665 339.3045 356.0818 16.00404 36.15818 38.65981 18.13019 347.2425 10.75097 47.2026 36.46923 24.44395 17.72324 4.573921 352.4386 2.862405 33.43987 25.60219 321.4108 342.4076 60.25512 51.34019 38.11827 57.26477
123.4078 95.63068 94.6859 113.4986 126.1193 111.0375 341.5651 307.6736 308.6095 312.6467 317.2498 338.5523 20.69545 46.43929 57.55638 59.27531 58.20793 59.79676 29.47589 0 81.25384 95.19443 98.53077 291.8014 292.3801 305.3266 330.8431 332.1619 319.514 333.6767 339.0343 339.4439 350.6901 348.3778 345.3932 349.0366 346.2748 343.5112 344.0279 343.7766 341.8962 347.1809 358.5143 12.38076 24.66739 22.61986 8.854307 6.044091 18.70521 24.71744 18.89515 17.98733 16.21338 4.053554 352.0107 7.96961 34.69515 14.25003 332.4958 2.489552 42.53718 32.81634 45.7639 68.29456
119.5778 106.3895 86.18593 77.47119 67.61987 7.431407 315 306.4692 304.5862 304.5401 306.0434 315 124.5923 107.4801 87.45005 73.88658 63.74134 56.45875 39.80557 57.09476 91.84761 90 64.29005 305.2476 307.716 320.2901 343.5805 356.0233 337.433 335.7722 342.4602 345.4833 350.1723 348.6136 347.3958 349.8245 349.4749 346.224 345.5102 348.1632 344.162 342.4397 355.3381 16.14971 26.32991 15.85193 5.964487 13.02187 13.29857 4.763641 4.210498 10.45483 14.12549 6.581944 3.608468 10.35905 16.32096 6.340191 351.486 13.82865 39.47246 49.82077 61.95531 60.85193
103.5704 126.1193 108.435 85.03026 52.76517 339.6236 308.8114 309.3878 308.9793 305.1563 284.4208 139.6859 145.008 134.5756 115.9065 94.95545 75.29645 65.47228 64.23067 82.30395 103.6713 102.9946 329.6209 306.3474 313.4657 325.6631 348.1113 4.944074 349.342 339.2278 343.5544 347.7086 351.9605 349.6337 347.1786 350.2176 349.992 326.3099 298.0092 317.2906 45 206.8781 209.8989 138.1798 55.92281 2.264754 0.2010362 13.71481 10.31897 0.9495661 2.960935 12.16503 15.8558 6.161478 4.518071 7.655166 8.710179 5.224905 2.761321 18.43495 34.53466 40.56733 43.05851 42.89835
103.2405 104.0362 95.90614 67.83366 1.4688 329.2373 313.2212 310.5028 313.7222 327.3553 105.6423 121.1925 129.9759 123.6901 118.0948 109.9037 96.34019 93.12213 94.14462 91.27303 99.09028 102.2648 299.8047 301.1593 305.2437 306.0274 323.1301 355.3466 342.3589 336.6103 342.4287 345.4397 352.2664 323.7462 231.3402 156.8014 162.2842 185.8395 220.0303 217.5394 141.4993 176.0091 204.9739 175.2364 184.4672 241.0323 290.1576 20.43283 20.64699 17.24146 52.72182 84.28941 56.0702 353.1183 353.8448 4.524768 9.375466 4.804871 7.247268 23.76157 28.98882 30.77404 35.17472 37.14669
70.86636 45 40.91438 17.44719 329.9314 313.9391 305.0399 301.1622 309.0939 68.96249 102.5602 109.6538 117.8476 118.4742 115.1775 117.8973 119.5778 117.512 109.1336 77.47119 72.18111 21.37062 284.1911 281.4563 277.3611 249.6236 236.7125 263.4373 287.8919 270.8303 170.2564 173.13 174.6344 180.6438 182.07 156.529 152.9691 189.8658 233.4124 226.6211 136.1812 157.5741 200.556 180 202.8548 236.8215 216.5184 174.1176 165.8849 163.195 142.3344 138.2095 166.5348 205.448 215.9097 193.0919 153.1038 168.3106 131.9872 62.24146 49.62415 37.06445 25.39931 27.08523
28.61046 37.87498 39.95755 4.899092 308.4181 293.0175 286.6992 283.7938 292.5839 89.67992 97.05785 104.4208 111.6444 116.9657 115.9065 114.5196 116.3582 118.4127 95.71059 62.52557 72.21611 355.6013 285.0304 286.8838 301.4428 327.2953 305.2476 261.3268 218.5302 172.9792 164.5115 179.7335 181.0675 177.7395 186.8143 161.3233 151.1892 208.0092 245.3532 225 139.5943 147.8043 192.4143 192.1715 221.1494 226.9091 186.7959 170.2176 173.1076 183.0128 170.4069 127.9542 139.7079 194.7083 204.1932 186.3966 168.8672 177.4923 189.7212 169.886 139.9503 144.6888 102.9946 56.88866
29.74488 50.19443 29.24883 355.4622 315.9878 286.7315 282.45 285.6682 318.9452 87.3736 92.6264 98.1301 103.5432 106.2202 107.0629 103.2127 97.48089 88.45184 36.8699 88.15239 102.8477 285.7512 285.2551 289.5562 305.0419 339.3411 293.9625 217.875 185.4638 152.0674 155.6097 198.6669 198.1381 163.3008 182.5858 173.991 161.565 224.2927 239.1495 202.4668 147.2251 144.7999 184.2054 199.8265 216.4482 202.8905 168.7917 163.7398 175.2364 192.9221 191.9442 165.8668 128.8845 158.9625 197.6501 185.3471 162.2659 175.7411 199.5193 185.3656 149.0362 157.9769 182.1747 167.0054
52.51214 62.9494 358.2643 348.4654 343.1786 290.9892 282.875 283.9481 95.19443 102.8149 98.04906 92.09525 92.09016 95.46384 105.7512 112.8097 108.9046 92.29061 90 104.6209 99.63754 280.2441 271.5911 256.8035 213.518 179.071 179.3563 181.9979 178.9325 152.0629 147.0508 211.6075 207.646 150.7672 169.8907 182.883 180.4982 223.172 221.9872 185.4576 157.8097 148.7491 173.8845 200.556 213.6901 199.5367 159.9864 152.0674 175.4261 199.3407 203.9273 198.7186 142.9893 117.0309 169.4722 180 167.0501 180.3559 200.6375 192.45 156.6891 131.6335 159.0202 179.029
89.54164 72.43973 327.5288 330.2551 357.7542 302.1118 279.1416 261.2739 138.1221 116.8008 104.3003 91.50744 85.27201 89.57559 101.3099 114.2744 124.992 122.9052 127.5686 113.5523 56.30993 283.2011 256.2184 226.34 190.3449 181.2825 182.7263 183.1397 184.1223 171.3666 164.4759 203.416 200.647 158.3556 161.565 190.204 204.7751 226.5074 210.6507 181.8183 166.6075 148.2405 163.6861 207.3874 219.5597 207.8973 157.751 131.9471 175.4622 233.427 244.0935 236.0937 165.2564 97.63333 99.24612 140.5993 156.9487 182.5336 199.2307 189.4008 176.4965 142.7336 123.2875 157.9321
108.8119 41.05481 324.6375 312.4739 336.9218 319.9532 289.4155 232.125 137.2724 128.5584 122.9885 107.8649 95.19443 90 87.90475 83.65981 74.0546 95.19443 103.6713 81.8699 340.3462 294.8637 237.5288 207.1497 185.9469 183.8141 185.8263 187.4571 188.7462 182.7927 182.6838 206.3421 201.6148 166.3571 165.9638 216.1582 246.8014 229.1849 189.0395 190.2568 182.7927 145.7389 163.9264 221.3478 218.1183 207.5973 172.6262 134.076 191.3099 251.9958 247.8905 217.0565 177.5105 129.9869 96.49934 72.09555 78.02386 133.3153 182.9508 180.8303 185.1944 175.5251 128.3333 121.3287
112.751 322.4314 330.3763 326.4158 322.5684 324.3447 318.9909 137.5448 130.4462 131.8779 136.232 130.1207 117.4397 104.444 90 73.07249 56.97613 68.49857 83.04704 45 286.1892 311.9872 279.4623 226.9749 196.2602 190.4915 192.7243 197.9691 200.9427 199.3232 207.2553 217.0107 198.869 174.2894 187.8533 230.9469 233.8204 194.4703 167.7352 207.2553 195.5725 142.9696 176.4965 218.5169 205.4269 205.2777 180 148.7816 202.3801 236.1429 216.3268 181.8476 170.8376 165.9638 160.8444 145.7131 80.70669 66.41297 91.04163 148.7363 181.1691 185.9061 157.0872 124.1436
270 300.4655 318.2839 328.5479 328.1053 336.1862 27.31561 76.65128 88.21009 90.98776 95.19443 99.58295 101.0937 104.25 105.1645 96.17017 83.92754 92.48956 101.8215 278.1301 283.6713 302.2756 330.6795 353.4181 6.952957 356.9872 358.727 357.2737 242.1027 229.2364 226.6847 215.3112 196.0736 187.5238 204.0755 214.992 213.0239 197.049 182.6026 233.8807 195.5241 137.6026 178.8767 207.3499 197.354 199.3978 180 164.8989 218.991 237.7575 208.8866 163.369 154.6041 166.6513 174.1554 180.9094 180 124.6952 73.52312 74.87599 115.3462 173.2338 162.8476 142.0165
285.3763 289.6284 297.6238 311.405 329.7083 6.80905 59.80838 72.81042 72.867 70.68814 63.9465 66.16126 84.06258 96.34019 107.0629 115.71 112.0113 110.8978 97.43141 315 311.1859 301.6075 314.4213 1.548157 24.44395 355.3999 9.039482 30.96376 13.57043 299.0546 251.565 222.1376 211.6075 210.9638 207.3499 202.8905 208.3008 206.8781 201.5014 203.4047 180 154.1336 176.7603 201.4477 193.3925 191.0035 188.3659 220.7636 286.6992 298.8557 198.435 129.5597 131.5318 152.8503 166.7236 176.7603 189.3891 178.727 160.9744 139.1446 127.875 143.8807 143.6156 126.8699
274.1849 266.2847 272.2725 280.2854 295.2777 103.6097 112.4668 112.2972 112.249 113.6821 118.1416 117.0127 114.7273 116.1018 120.4111 131.8202 118.8557 107.5924 323.5308 324.7276 320.8264 307.1467 316.0512 33.48617 29.74488 340.796 16.64504 34.14359 15.37625 6.766174 1.974933 319.0856 310.2364 288.4349 282.9946 303.6901 225 209.2914 200.556 194.2159 183.1798 173.4181 187.125 205.0169 195.5241 201.5014 243.435 280.3759 293.8387 320.5275 83.991 109.8552 117.5973 139.0856 159.444 165.0686 176.9059 167.9052 168.3778 168.0481 164.3961 166.9081 168.3407 167.0054
246.5014 248.4121 253.54 248.8449 196.4404 136.3748 132.6909 128.7131 126.7976 129.8056 141.1155 141.4831 133.4306 131.8493 132.9904 138.8141 119.4759 113.1986 298.0092 320.856 312.5372 308.1572 335.1858 56.49656 347.0054 336.5571 16.65431 26.56505 23.60019 31.46414 358.2643 343.6732 359.4645 0.6437449 349.8245 4.267892 19.98311 8.972626 270 225 216.2538 219.8056 230.7106 218.6598 213.6901 255.9638 276.8428 273.5323 256.139 190.3048 132.7543 117.4287 108.8119 114.5901 140.1944 157.0679 163.393 141.3402 125.8377 142.5947 155.9245 162.6995 174.8056 182.7927
206.565 240.4222 246.9797 241.0687 192.0948 138.8141 140.7928 141.789 135.9469 132.847 139.5248 142.9531 137.5336 135 128.1572 117.3499 99.78241 309.8056 299.0546 307.0107 300.0686 298.9264 19.88516 38.41806 326.0564 337.9541 18.43495 37.53943 56.00354 47.43665 328.8514 335.9657 6.900328 14.47029 8.746161 38.29016 60.06849 41.18592 348.6901 334.9831 338.9625 349.2869 357.2737 18.43495 206.565 254.7449 267.0892 249.6769 208.3008 182.663 153.0835 121.4641 110.0952 112.4794 121.7595 135 163.3008 175.4261 135 121.5043 119.4759 108.435 122.9052 164.0546
202.9887 229.3432 241.2007 239.3422 198.435 131.4785 135.3924 148.2849 148.4412 144.353 145.3758 144.7436 139.844 142.5947 156.0375 54.46232 10.71312 322.4958 307.725 298.8557 287.2892 269.4327 129.8056 349.2869 304.0193 313.4926 45 65.26569 70.9423 31.67547 303.8182 312.8789 29.19748 56.88866 73.61046 92.38594 88.15239 45 327.9946 312.8789 327.2005 355.156 18.43495 34.50852 68.96249 237.8043 237.8043 198.435 183.7153 198.9465 176.9872 107.7839 94.63546 96.54629 109.0935 113.6821 138.5763 182.2906 160.3462 153.8861 160.7693 151.6992 108.435 75.96375
201.8014 213.8453 223.7363 223.2466 196.1892 146.2393 135.6511 145.7389 150.9896 150.3575 153.6418 148.3925 135 116.565 302.0054 332.354 7.815293 325.9541 303.2749 291.5953 266.6335 229.2364 213.9965 251.565 235.4375 205.0169 169.2157 88.31532 70.20113 23.49857 287.0629 273.3665 104.0362 96.49934 88.09085 73.88658 57.80426 34.69515 303.6901 257.2756 258.1785 265.6013 75.96375 79.28688 81.8699 192.9946 204.2744 177.2073 186.3402 221.8779 209.0546 118.8108 96.54629 83.45371 77.1523 75.25644 81.52885 126.8699 140.7106 135 158.4986 180 181.7357 143.427
187.2532 194.1985 204.5074 207.7046 189.7167 163.9264 147.8043 144.4031 145.8641 142.4314 156.8014 15.9454 21.37062 0 328.3925 325.4375 38.41806 316.6366 306.3629 315.9094 290.6954 241.5044 243.435 229.6355 190.4915 206.1753 213.3664 110.7723 72.0506 16.2602 301.373 308.9276 45 55.95406 51.58194 54.68879 53.42697 12.99462 352.304 332.1027 290.556 225 129.5597 114.444 108.435 131.8202 163.6105 158.9625 184.7636 206.565 191.8644 167.5249 158.4287 143.1301 107.5924 73.88658 66.80141 70.64101 101.3099 110.7723 122.0054 171.8699 165.9638 146.7683
169.2869 172.1847 184.1849 191.6222 180 166.7742 154.3119 139.6107 84.28941 3.36646 344.0546 356.0091 7.765165 346.6075 320.0424 328.4957 46.97493 300.2564 287.549 317.2026 352.1847 338.6294 255.2564 214.8753 213.6901 286.0736 315.971 1.301952 26.11391 3.2397 323.7905 334.5024 14.31483 29.87599 32.90524 45 34.9194 343.0092 348.6901 357.9174 356.855 4.899092 21.16126 41.18592 63.97041 28.61046 4.398705 20.37643 26.56505 146.3099 178.3153 169.1597 172.5686 173.6598 164.7449 154.9831 112.5206 93.50353 100.008 86.98721 40.6013 40.23636 39.28941 15.64225
112.3801 130.6013 149.7436 167.3807 163.6105 153.435 143.1301 356.1859 351.8699 346.4296 337.249 354.4725 11.30993 345.0686 316.8476 333.4349 43.31532 285.2551 248.6705 231.6544 191.9761 165.2564 218.991 254.7449 302.692 313.3634 327.5829 355.8335 17.52557 4.763641 329.4524 327.6996 29.64986 51.84277 52.03794 57.18365 36.41638 321.8428 330.2551 3.12213 12.17146 20.69545 26.56505 62.41797 57.68038 335.9558 346.6075 6.736011 17.18958 19.94902 16.96615 17.72324 24.04422 49.96974 124.2157 158.9625 152.354 125.2724 108.435 4.398705 19.98311 33.11134 0 348.6901
101.3099 120.6186 133.2101 138.8141 90 21.03751 343.6105 317.8624 343.8108 347.4712 339.6236 358.2643 357.1376 342.7585 336.3706 351.5289 45 36.46923 238.6713 214.6242 197.6761 197.8503 248.7495 296.8473 306.7928 308.1987 309.8827 0 72.34988 33.11134 253.0725 180 160.3462 145.6604 135 109.2593 86.18593 251.565 217.1467 176.9872 162.646 146.3099 135 101.0035 75.46555 293.4287 307.6476 0 38.99099 42.7974 26.24135 19.17901 25.44175 30.96376 35.09582 40.91438 64.17901 84.47246 24.44395 334.6538 25.34618 21.37062 351.2538 348.6901
139.8645 125.2724 74.74488 11.30993 354.8056 341.5651 354.8056 334.6538 329.8265 346.866 356.9872 356.6335 337.9321 340.56 351.0851 8.498558 21.31791 27.47443 24.22775 249.7751 226.6847 242.1027 274.8208 286.6543 278.9726 244.9037 192.2157 173.1572 174.1737 191.7683 163.0725 120.5297 125.3112 126.0851 127.2348 113.8387 86.42367 315 230.1944 176.6335 168.6901 135 125.5377 105.8025 6.340191 281.3099 246.8014 172.4053 143.7462 138.4336 155.8545 162.8241 136.6847 90 50.44033 41.93351 47.16108 48.27049 353.6598 340.3462 17.24146 3.576334 8.130101 60.9454
