Data/aspect1.asc
ncols         357
nrows         223
xllcorner     457900
yllcorner     5716800
cellsize      100
NODATA_value  -9999
[rows 84 to 111 of 223, columns 128 to 191 of 357]
100.9141 105.8594 113.6114 115.4012 119.3051 129.0939 138.7517 132.1844 126.2538 135.8681 145.1247 141.8013 136.014 133.2101 130.6568 122.6609 110.3764 95.90614 88.78113 103.3925 159.5196 176.9872 176.1121 163.7524 140.7106 132.9975 147.4791 164.8669 171.545 169.4085 162.2161 170.9097 170.2176 158.0513 180.9094 200.8545 221.4237 216.4842 187.2061 159.8938 153.583 177.9975 168.6901 140.7872 127.2348 115.3462 337.6199 311.0275 313.727 344.9457 33.26143 323.9726 304.0841 310.7831 330.6928 357.605 342.0506 328.0419 330.3556 318.8141 322.5299 340.5234 317.5169 280.1543
94.35107 80.0659 82.36667 95.19443 109.6538 130.8724 151.0259 155.4926 152.387 148.2079 143.5308 138.5035 133.6028 122.9052 92.12109 50.44033 36.17962 28.10135 26.72289 40.35203 69.77514 121.1153 163.393 170.4555 157.0511 146.1547 143.7905 155.0561 173.6598 176.9059 160.9744 167.1957 178.4518 154.9831 166.4296 188.1301 210.9638 206.1255 187.4069 174.0075 168.2153 168.1579 158.4287 142.4314 131.4965 30.96376 320.4923 307.9906 308.4596 3.423871 54.86581 318.1364 297.5042 301.4521 321.2503 2.254574 353.6076 323.6334 327.1596 323.9149 310.6013 122.9052 174.5362 203.6294
122.0054 106.631 99.85445 99.54038 103.8912 115.1593 132.6141 148.4957 155.6182 155.6954 145.5208 119.8459 81.8699 41.90594 32.90524 43.5312 38.29016 16.07357 53.88066 85.86533 93.07745 95.64825 117.2351 151.5981 155.6744 153.8532 150.1541 135 127.875 170.5377 161.565 348.6901 350.5377 39.80557 50.19443 71.56505 183.0128 194.2645 189.5667 183.6522 174.3518 164.5115 149.9314 116.565 4.763641 325.9541 323.6732 315.3494 311.9267 33.83512 61.75575 309.2894 287.6501 278.9912 283.861 335.7142 352.0469 335.3915 332.7276 343.0725 189.5667 154.6538 144.3771 194.1151
144.4623 147.5904 140.1944 124.9721 111.8014 107.4472 111.3369 126.6341 149.311 171.1354 171.8699 137.2026 112.1663 120.9638 135 144.9042 169.992 171.8699 128.4181 121.9002 123.8453 116.1839 113.1986 126.142 137.5448 144.4623 327.5288 351.4692 0 0.7440584 354.6855 353.2544 358.8065 6.604835 12.05078 17.04903 20.1363 22.24902 36.25384 168.6901 169.6952 146.3099 0 0 333.1381 318.8141 324.4092 325.8016 317.4366 61.47688 67.27589 291.7054 272.7029 265.5074 267.5805 288.4349 326.4587 345.4258 38.15723 118.3008 167.0054 175.9407 137.2906 177.9546
127.4649 140.4923 150.5546 150.8558 143.3544 135 122.3578 118.2542 135 182.6264 192.1715 169.796 163.0339 157.0942 155.2249 162.9795 180.8681 168.8453 137.9931 129.06 132.6627 128.7032 122.8729 128.7742 126.2538 321.5819 328.5704 340.9588 345.3236 353.3792 359.7562 1.112399 358.5005 1.134421 9.001755 14.33543 15.44632 17.61258 18.43495 13.17255 5.063616 357.4362 344.1676 345.8015 325.4207 302.8763 300.3987 311.4237 311.4237 82.09283 66.39981 284.8586 257.9247 262.1535 262.8028 248.0255 231.0885 188.1301 133.3054 130.3093 162.1703 188.6156 159.5377 164.9315
116.9879 108.5977 121.917 144.2933 158.8952 162.646 143.9971 125.9724 122.2213 164.9816 189.0085 173.047 162.1924 157.5509 157.0679 167.3474 180.3794 162.6067 139.5323 134.6669 137.6542 135 129.4278 137.7263 308.2902 308.4537 318.0665 332.9873 339.5599 350.2563 8.426969 12.02228 353.6598 354.7625 10.86852 21.39053 27.96223 22.02728 359.6688 4.24561 12.35536 14.98163 350.7274 336.666 326.5752 293.1986 275.3558 280.2222 12.99462 14.03624 30.10653 28.61046 260.0419 251.8058 240.9062 216.0604 204.0755 180 153.5811 145.9442 169.0321 192.7575 175.7858 172.6476
139.7998 100.3048 86.48625 101.7882 138.5215 169.1725 161.7749 146.9761 126.2978 133.8065 176.2847 179.3338 162.2695 155.031 155.908 162.929 171.142 159.1324 141.5819 133.884 135.8952 139.2892 130.6013 323.5308 316.7624 316.0051 313.2643 320.1129 331.6121 348.8827 21.84912 23.49857 349.2157 349.4265 27.81429 50.05725 52.74034 13.79949 334.44 354.6442 21.9544 36.08507 8.615647 321.9529 334.9831 317.8271 298.2375 304.9393 338.1986 343.1013 9.877835 34.88796 6.842772 242.074 218.7844 203.942 197.6411 178.224 160.7225 159.1666 194.7436 216.1193 247.8336 312.9546
158.3253 149.0362 116.0194 102.5517 109.9085 149.5966 169.1286 160.8368 146.3099 122.2756 141.4188 179.5626 170.3948 155.7941 151.9553 154.7327 158.3253 155.9475 146.6336 135 129.6678 119.7449 331.1892 325.3759 318.9909 320.5801 318.3665 312.1902 314.5724 337.1955 13.76521 21.06594 8.530765 22.12634 72.34988 69.44395 40.64892 357.9399 318.5138 328.8847 41.86975 61.95531 26.84729 312.1376 335.1363 337.5741 321.0724 319.4972 322.4314 329.4818 5.057248 37.91153 44.22578 317.8624 233.7022 220.0303 210.9638 193.151 196.1134 304.6952 325.7843 328.4486 320.0424 327.4649
120.0184 135.8127 138.5936 132.3709 121.4568 124.0459 154.5159 162.8973 160.7505 141.1373 130.1864 162.4991 176.5318 161.3127 155.7387 152.9691 151.7898 152.6501 148.0791 137.3859 124.3803 318.4682 319.2054 318.0394 313.952 314.7135 324.6733 325.7843 307.213 311.4725 352.965 22.61986 32.86317 45.89517 42.51045 21.58788 12.99462 7.926926 336.6148 253.8866 113.3253 87.92283 1.145762 319.3323 333.2813 342.626 338.3177 331.1226 322.7478 319.5574 10.95406 56.01383 62.15242 28.5707 320.0424 324.1416 314.132 313.9391 318.4166 324.2726 338.2557 352.2881 339.9048 325.0331
107.7447 101.4966 117.0956 139.0377 146.6894 128.5892 128.991 149.5889 157.9321 151.6388 136.232 145.1543 167.0054 152.2415 150.7247 151.4486 150.0464 149.6209 141.4831 102.9946 323.6157 317.5638 315.5907 310.1634 305.7007 305.3401 319.3087 339.6417 322.8533 296.5651 313.5436 26.81635 47.19207 42.1376 18.95423 5.737734 17.49576 36.49542 38.54118 118.0092 126.4041 56.88866 333.1721 332.9873 337.5873 339.4439 342.1399 332.7609 323.8958 310.486 136.0051 107.6676 81.36658 25.09625 313.7455 336.6022 351.3102 345.6386 340.3274 329.6045 327.2091 353.7581 358.2792 333.8531
159.6236 125.8648 111.9974 127.2843 162.4928 156.4477 133.6028 135.7345 148.69 150.4222 147.6651 152.9691 158.1986 146.6894 142.2061 144.0579 143.6525 140.1944 0 324.9262 325.008 318.5763 315.9548 311.3734 300.4397 290.1707 294.7082 325.008 339.9343 311.5054 302.4302 6.340191 41.43952 35.71143 20.61363 18.64954 48.81408 64.13364 58.43103 68.67054 41.47855 327.0613 322.5946 338.9968 345.8378 340.545 346.1757 341.5651 348.1113 101.9761 122.2756 108.869 79.57419 0 300.453 316.7357 349.4818 353.8481 352.9457 346.9688 317.1669 338.9625 7.606867 5.057248
166.2425 153.8094 130.9337 122.8557 155.556 174.2176 155.2506 147.9528 150.141 146.7125 146.853 155.0453 156.5226 145.7131 139.9271 135 53.1301 344.2488 333.7413 327.8043 329.0363 325.8685 319.3087 317.1886 312.3162 289.6284 277.3806 291.965 330.6949 332.5457 308.8953 345.4258 42.29937 49.00417 47.16926 55.46917 66.90318 61.17216 45.67404 39.17366 9.668668 316.8476 303.3233 321.4908 343.6105 353.4474 357.2971 3.012787 32.68055 50.13638 29.62375 41.1432 57.89375 336.1247 283.2887 277.284 304.177 340.5472 354.144 6.039541 325.9338 315.7813 6.888258 30.29833
165.0082 160.7873 149.8265 133.9053 143.9971 171.3045 165.5102 162.2695 160.9249 146.8421 132.8789 131.0995 135 123.6901 105.6423 343.3008 333.0343 336.0375 328.8912 326.3099 328.2405 330.29 321.7329 314.2043 325.7389 322.7119 284.9536 273.6835 295.1148 329.8586 315.8999 334.5108 52.75178 61.69925 61.15393 61.6501 57.52881 46.10171 31.373 25.5297 19.94238 307.4605 278.909 283.7562 309.5881 352.9236 10.54807 21.28944 36.63411 28.07249 21.19406 53.1301 66.03751 321.3402 278.3257 262.965 254.7035 273.743 321.4188 12.41926 352.1645 298.477 349.6952 39.31396
170.0892 164.5854 158.9293 152.2066 148.9317 162.512 171.0274 172.9422 173.211 157.6199 143.4711 136.3639 135 119.0546 342.8973 327.6334 329.0363 336.9087 327.2005 320.9645 324.2557 327.8244 323.4816 309.015 317.9357 341.301 313.5679 272.1409 270.8127 293.1265 309.0118 325.864 46.68468 51.49353 52.71737 56.08641 51.2773 31.26373 24.56717 31.75948 51.55695 312.3974 267.7852 263.461 266.4012 302.2133 17.52557 40.36454 43.39774 29.56035 38.08877 67.40213 71.10485 325.008 288.2289 291.9911 290.8024 284.1801 291.0375 357.2475 12.52881 310.2595 323.5959 29.4502
175.113 171.6686 161.2168 158.9625 154.5583 151.3139 168.6901 170.7539 173.6598 162.8241 149.0362 137.7263 45 341.5651 327.0948 326.4158 328.6959 337.7241 334.1252 321.1466 319.2191 325.2614 331.0908 313.4378 305.1342 337.7704 347.5249 292.8336 272.0025 272.9682 283.3925 292.6714 28.96006 55.25921 64.66927 63.43495 46.08092 17.83501 32.60459 59.85862 72.09555 21.80141 268.5121 262.3566 261.1884 263.0832 352.7468 60.16747 55.00798 50.07961 49.70785 61.41079 63.56032 356.0091 278.5453 286.2688 298.6442 296.6556 285.3902 310.2364 1.706178 331.4769 321.0618 13.99145
175.6013 179.326 153.8861 113.9625 1.974933 1.041626 17.1759 39.28941 56.30993 86.63354 74.0546 332.6501 339.5377 335.2976 323.5555 325.7014 328.0616 332.4093 335.8334 327.1271 320.7106 324.9581 338.9625 332.1027 300.1735 315.674 350.5377 317.9866 291.2505 283.4486 278.5555 242.7004 259.1145 73.32498 70.65727 54.87939 45 49.26789 90.55625 96.93435 85.84035 29.93151 277.386 265.2799 261.545 257.4712 255.63 75.8157 81.41638 98.50871 112.8645 96.90033 83.92754 46.90915 267.7353 264.0011 266.3839 265.8404 256.4296 258.2012 293.9625 314.4154 282.4925 325.9807
348.1113 345.1414 351.1194 355.0608 351.0983 356.2847 22.21759 34.50852 22.28559 15.70864 3.270487 332.1027 332.1985 333.0834 320.3977 322.6242 327.0306 331.4172 334.2653 326.7683 321.6135 322.4958 343.7747 0.7345203 316.7899 307.0107 340.3462 327.8043 303.1929 286.7251 246.541 212.0926 249.4986 56.17384 53.70951 50.8625 66.48204 92.93568 113.5146 108.9967 94.63546 35.53768 279.9262 267.9228 263.0061 261.7668 260.3401 94.85661 95.54121 111.0375 132.2208 130.2799 97.33438 32.09259 279.6375 258.1976 249.6559 241.2739 248.459 255.6028 233.3151 187.9696 204.9439 218.1909
338.1986 338.8387 339.7751 350.5377 355.8151 3.179829 21.80141 21.91487 7.835525 8.267173 0.4982108 332.1455 329.8683 335.7882 321.1829 317.3662 322.9207 331.1721 333.0605 319.5288 309.0939 307.4551 337.5509 19.72228 337.7704 303.0707 327.75 335.8908 306.8699 262.6656 195.2551 212.8285 255.9638 307.875 62.49232 79.95467 91.19349 94.12759 90.44415 79.41837 66.5713 14.03624 283.8407 269.3013 264.2666 263.9431 264.9498 84.7261 83.79224 83.45371 89.58781 75.96375 351.3474 22.28559 356.3478 257.6192 250.1679 250.6533 255.0974 237.9693 190.6764 175.9144 201.342 215.9358
335.7256 325.8403 330.0685 345.4111 357.0643 6.340191 10.0806 5.194428 0.4511378 5.420595 0.8069287 332.7839 325.8301 337.1263 322.5121 305.352 309.0531 322.125 333.7886 331.2849 304.5484 292.0942 317.0454 27.34987 0.9391902 296.8008 306.0933 348.1785 251.565 207.8241 192.3808 222.2737 252.1811 255.1735 92.83411 89.28563 84.98689 75.22545 62.05696 51.93435 51.4416 22.83365 292.9638 274.0856 267.2499 263.7434 265.4622 59.50017 71.69015 66.19405 64.33481 16.46001 328.2079 41.03534 65.18581 262.1998 259.7164 254.7014 226.4144 197.1303 181.7678 188.0632 227.6026 243.7527
344.8989 321.8817 329.2645 343.369 353.6598 6.188615 9.582944 356.1859 349.4184 353.6598 356.4237 339.8741 330.3008 339.8205 333.2171 309.2894 301.2509 308.4802 325.6849 342.7585 324.6375 293.5523 301.2729 14.88627 12.05078 309.4084 289.5638 122.3196 145.9228 192.3808 213.6901 251.565 260.9524 256.8425 68.89516 64.55566 58.98029 56.853 54.97771 59.38139 67.28559 47.2026 289.1336 273.6329 268.9088 264.3926 263.6158 329.6209 69.81713 69.82054 62.67105 358.2285 320.4691 56.80988 72.22868 268.1524 251.7346 228.3665 197.2759 195.5809 217.1645 263.5713 283.6577 291.5254
3.066485 328.8514 331.9275 344.9536 353.2544 9.782407 14.03624 348.4399 338.2861 341.5651 349.6952 344.2488 339.2278 343.8355 342.3156 330.2551 312.8789 304.5085 309.6608 330.6795 341.5651 312.417 293.5654 347.7352 14.45939 330.5928 266.9872 127.0928 140.6176 200.7723 262.0304 289.2495 287.5256 262.716 311.4237 51.74259 54.0524 54.95063 60.08306 65.13631 68.19859 53.88066 288.4349 271.4203 270.5673 267.45 264.5226 279.0715 67.43589 70.42687 53.35075 0 315 61.69925 65.97975 329.0363 244.406 223.986 230.5055 284.0363 305.5377 313.8188 310.0063 302.9387
18.21709 342.4744 333.6767 343.4127 352.5191 9.8193 4.844 344.0017 338.1986 341.7788 348.1297 346.6755 341.7961 341.9879 344.4275 344.0546 332.5256 316.0051 309.4174 318.6013 341.3721 336.275 301.5413 308.019 49.89909 81.02737 125.5377 117.8973 128.1572 236.8887 272.5529 282.1714 284.4703 240.4222 242.1027 49.57392 55.59153 57.67567 57.61932 52.50735 51.64528 39.55967 348.6901 273.0665 268.5607 264.2894 260.6045 267.3493 58.45868 62.87087 41.47855 15.87595 336.3706 56.88866 59.53445 17.78389 326.4966 289.6538 281.853 289.4659 296.3871 306.6674 311.7295 303.5305
30.34325 355.1009 344.7449 347.0054 350.7274 2.082565 353.2902 340.2011 336.3295 340.3716 345.5182 349.992 343.0402 330.9454 338.3556 347.7352 348.8049 332.2717 310.2032 309.657 330.3008 346.7595 323.9306 248.1986 135 144.0903 131.7603 117.6995 123.4399 252.5528 262.6262 253.951 215.3401 206.2001 243.435 262.0425 54.18884 61.02392 59.08994 56.66492 54.37706 45 30.32361 281.3099 262.5126 254.5966 256.3177 263.1881 358.1118 46.72081 36.70873 20.37643 5.55297 33.57881 54.95807 13.26648 347.7995 350.5377 278.8925 265.4622 265.1009 270 278.5879 268.8767
28.33424 2.055888 356.6726 359.5993 357.9904 351.2926 343.4651 340.2328 334.44 333.0478 337.0007 349.3803 350.3625 325.9391 324.6888 340.3462 350.5377 347.4712 316.8626 301.6513 314.3179 348.9965 29.35775 111.8014 125.3625 138.7314 136.0609 126.2538 138.0128 252.8476 257.2288 245.1363 211.2184 206.1753 247.1095 251.3421 75.96375 65.64699 62.61559 62.81889 60.7388 54.46232 42.91743 303.9965 263.5653 255.7355 255.6997 258.4248 278.3035 30.36427 39.86884 28.87242 22.34065 53.36589 62.62802 354.3405 340.8519 16.47688 321.2035 282.6927 269.3206 260.6045 252.9795 207.2996
23.54202 7.368051 4.74051 13.95451 6.434739 345.7627 342.2996 345.9637 339.2539 331.6501 332.6909 345.3932 355.8151 334.6538 313.8188 317.7591 331.7625 348.5245 329.5536 309.7582 311.8202 33.69007 92.29061 96.009 104.9816 122.4712 128.6598 125.2176 154.6538 248.3177 253.1416 244.5159 216.8699 208.8866 238.4732 238.6005 223.1221 60.15407 59.63828 62.65898 61.10514 47.7927 34.7652 4.844 275.9061 255.4111 250.9588 252.6067 256.7903 314.1449 43.58208 46.70135 57.99462 82.17092 50.96449 333.1456 342.5528 12.50135 348.6901 315.9496 304.816 285.8398 253.426 178.4306
24.03149 10.9228 16.8584 32.57406 8.392924 338.8505 342.4744 346.9544 341.9457 336.9487 338.3177 347.4712 2.385943 342.0506 297.9795 271.5482 272.663 304.6952 317.8624 313.4088 351.0274 120.9638 116.565 102.45 103.8775 116.565 124.3151 122.0926 157.6199 239.2645 244.7761 238.707 216.2538 203.8753 231.7098 238.5704 244.8852 313.1524 59.7865 64.23067 57.76766 39.85723 37.69424 38.77417 290.556 246.5226 247.7965 251.565 252.8294 260.4978 36.8699 59.70527 68.40047 69.48248 355.5154 316.0416 336.6823 5.792796 358.0837 328.5909 320.5275 323.4613 206.565 152.4592
22.02728 17.98733 38.70318 45 356.3478 338.6821 342.4076 342.3636 339.6872 339.4825 351.3268 3.715288 11.30993 5.389311 311.1859 241.1443 244.6538 249.9285 251.9657 216.2538 156.1941 153.1038 149.0362 107.1759 88.11181 96.60484 115.2011 124.2157 150.6422 230.7106 239.9729 234.8939 214.439 201.5014 228.8655 243.435 251.1616 256.9307 59.89347 60.15005 53.36589 42.39744 42.63863 48.76403 42.95459 242.9691 249.3701 252.1681 250.7762 251.4593 271.3639 65.81722 65.95099 50.83479 347.3073 295.3462 304.8907 350.3748 3.778197 335.4563 307.875 355.7636 109.0811 134.3452
26.417 44.37724 62.93889 31.50427 343.9358 345.564 345.7454 341.5651 345.0942 350.6553 27.75854 21.50143 7.765165 31.75948 60.25512 218.6598 232.0165 226.2061 211.7921 186.4347 168.8708 170.5377 175.9717 156.8014 97.49586 90.98776 102.6002 123.4078 147.9946 218.991 234.5829 226.9525 210.9638 214.0772 235.9541 246.1941 248.5816 247.8588 311.9872 53.47115 54.23713 47.88862 40.06583 37.01067 36.25384 33.69007 244.6538 249.7949 254.1442 254.0986 253.3755 60.80251 56.22069 41.63354 11.47553 287.6318 260.48 256.2637 343.6105 225 217.9621 167.9052 120.3662 121.0351
