Data/aspect1.asc
ncols         357
nrows         223
xllcorner     457900
yllcorner     5716800
cellsize      100
NODATA_value  -9999
[rows 112 to 139 of 223, columns 256 to 319 of 357]
84.21445 24.71744 298.6518 296.2883 41.18592 110.6744 118.2443 112.8737 97.18427 75.1013 12.99462 275.4861 272.1932 277.0667 82.30395 98.88066 106.5398 113.0566 118.3649 117.926 81.38435 343.6105 347.0989 356.8202 22.52057 78.49519 80.21759 27.89727 21.92959 41.30861 18.43495 29.18081 51.24191 350.2563 335.9245 3.31778 25.42687 49.44738 74.94569 53.74616 320.5722 357.2737 82.63525 48.7314 307.1467 317.0826 12.52881 26.56505 16.13284 12.47511 24.25392 60.9454 100.7389 92.95078 336.2092 314.2043 319.2758 2.602561 49.87927 67.73601 73.39302 72.47443 66.80141 55.49148
81.29778 336.0375 300.8768 306.2026 79.33022 93.57633 90 82.01989 64.0256 43.40886 18.43495 287.6501 266.0091 238.2011 146.9566 130.8851 127.3596 124.7229 120.1185 71.56505 341.0954 337.4794 355.156 23.89516 66.50143 81.98877 56.68937 12.99462 32.47119 17.70043 22.44275 57.43956 14.19855 333.9111 343.1063 27.96223 78.69007 101.7683 92.44705 357.9786 332.2415 57.72435 86.98721 333.0343 304.1597 323.2858 12.75753 27.22868 25.08359 38.23383 80.96052 107.1027 105.9454 353.2338 320.4836 318.231 326.0235 15.83239 66.28641 81.48602 86.78452 86.94712 76.09731 37.64762
71.30102 317.8913 302.3394 330.2551 64.65382 72.64597 71.56505 66.9487 28.49564 15.9454 23.55226 316.9415 256.1593 198.435 151.004 137.8624 130.3195 120.5432 48.57634 343.4602 339.2668 352.6476 24.67686 63.10376 86.30862 81.59109 26.99584 4.707851 9.950626 10.7389 48.48932 47.29061 337.0362 331.2602 26.56505 101.5138 114.5074 96.80132 12.72435 341.0954 11.05641 91.4688 90.52563 304.2711 302.9574 328.0919 22.38013 45 71.131 107.1027 119.2076 110.1795 27.03086 324.9777 319.1849 322.3738 336.0375 75.96375 99.46233 102.6282 100.7843 82.01067 35.81116 13.15095
48.12213 306.4692 298.0092 341.5651 56.44104 66.39289 61.12757 39.80557 3.12213 8.972626 39.7462 11.30993 263.1572 156.2973 140.7106 133.7455 121.5838 19.13364 336.8014 344.0166 356.6335 25.66519 66.2505 90 86.98721 53.39293 358.1118 351.8699 2.862405 34.69515 63.2394 19.25929 326.4337 1.080923 106.8868 113.9225 82.2664 4.927109 349.9507 1.701354 87.08916 96.63251 17.78389 305.9252 304.9194 333.1038 53.47115 82.04247 104.9058 118.5828 115.5139 22.28559 339.353 326.2188 325.1455 334.0577 38.65981 103.1726 107.9595 93.41094 56.1888 22.50353 15.38519 24.05735
38.99099 281.9151 277.7652 312.1376 51.49935 54.54453 35.53768 18.68191 4.332313 18.11307 51.07246 36.72411 353.3675 73.61046 91.66029 99.95807 48.27049 318.4682 327.5674 358.2851 26.16157 53.56914 74.56036 72.25533 47.45403 15.72474 353.1183 350.112 14.80838 60.19525 60.31282 349.641 335.7722 83.65981 96.70984 50.80673 356.3478 352.0731 13.33925 88.33167 105.1331 72.75854 329.7968 313.9122 315 9.246112 82.30395 98.00473 102.8043 92.96094 355.7108 340.641 338.7671 332.7232 335.9245 359.0608 62.70043 78.87854 65.03721 32.34744 15.81408 16.82141 27.05755 31.79207
135 244.44 252.0506 264.9204 32.09259 38.71751 23.74949 18.43495 14.34933 30.80145 54.46232 40.85538 8.130101 51.00901 66.71764 64.31635 333.9704 302.9052 317.237 10.96787 42.7974 55.75797 54.86581 38.95591 23.96249 10.06906 352.8065 358.1524 41.24827 66.55708 39.44703 344.3578 30.96376 81.49129 44.20428 353.5765 350.8821 16.50436 75.1013 99.18392 91.94149 337.8737 320.9469 321.2419 336.4768 52.94347 90 100.1755 92.68977 21.66596 333.2679 335.6744 342.8973 343.6105 353.8534 37.64762 62.02053 49.34324 26.38431 13.15754 18.19421 31.92088 37.1083 33.23171
138.5035 223.4306 240.6242 248.334 288.4349 17.10273 21.39981 24.44395 22.42586 39.69907 52.31902 37.45058 26.24135 68.53235 81.09828 65.09523 317.2605 293.1986 304.4722 13.15095 47.51136 49.844 40.68397 31.40905 28.36905 13.44861 354.2257 16.47688 60.25512 56.30993 12.90741 0 55.52078 49.03771 358.727 348.8453 12.46493 66.9487 91.67484 93.76853 19.53665 320.5826 321.6613 331.6992 16.38954 83.36749 99.32359 95.90614 51.4416 341.5651 331.9492 338.1986 350.4171 18.43495 104.0362 126.8699 111.2505 48.81408 25.42687 29.93151 46.87788 54.72758 57.36249 64.48613
146.8024 214.992 236.0295 239.9058 244.8407 291.9745 15.25512 27.77656 26.38984 40.44623 44.04516 35.35196 47.7927 77.27564 83.991 46.97493 317.2457 301.7809 305.4596 9.272601 46.53434 45.47351 39.23737 36.61675 33.28753 14.32272 2.07003 36.72411 54.46232 29.60445 5.492324 26.84729 45.73452 13.47782 353.1252 11.97613 64.59229 92.56377 94.63546 72.8241 326.7683 316.9349 328.627 0.8303148 69.22775 92.08257 86.9413 54.21103 359.5265 338.6631 337.4259 1.636576 125.5377 143.3659 151.1276 160.3462 174.9079 185.1944 165.9638 139.8645 128.1183 121.8094 119.4385 125.352
154.0256 215.5377 231.2156 236.7683 241.6262 252.532 309.5597 18.43495 27.89727 40.27555 43.10661 46.606 64.61788 74.87599 72.07208 3.012787 311.7295 313.1159 313.6678 38.15723 66.64443 51.48307 43.28164 40.91438 33.69007 17.72324 16.69924 40.46223 36.31364 12.99462 16.2602 40.16958 28.61046 357.8789 7.431407 60.1011 87.67219 98.61565 94.57392 4.398705 319.9697 319.5022 344.6384 45 76.12247 73.97971 50.06362 16.60698 357.9174 0 120.0686 140.5275 142.4543 149.444 159.5777 167.6869 180.285 190.2512 180.3431 164.6831 156.8014 154.109 147.6526 143.8264
159.0755 222.9904 248.0089 259.992 262.5686 265.8296 284.25 348.6901 34.13594 51.5627 59.55357 70.85186 81.48602 84.40066 76.20052 327.4074 295.0836 300.9637 143.9726 151.6992 156.541 139.2892 62.2815 43.54978 32.76389 24.62356 28.81079 34.54009 22.89055 13.17255 30.55596 39.52263 16.87626 6.666659 60.78075 94.25384 103.7681 102.7453 70.60219 320.5993 317.5261 327.8581 12.52881 58.81503 63.69898 52.65065 44.09062 37.87498 67.24902 115.4269 136.4688 141.3402 138.0822 140.4403 151.5981 159.1284 173.7365 186.953 182.5336 170.2867 160.4928 158.7616 154.8643 147.0023
156.1247 226.8183 250.4892 262.0492 265.643 266.9582 272.9108 304.7778 47.8624 67.61987 78.12974 87.30572 90.3274 83.38654 55.30485 324.1302 273.4109 217.1467 141.1552 146.0515 171.4223 191.7386 190.7843 90 32.00538 31.94475 34.99202 30.52971 19.69862 19.29004 32.38068 32.06194 19.61209 47.2026 91.04163 103.8514 105.1953 86.25701 344.5604 320.3051 321.6544 344.1343 36.57303 58.43103 55.98065 60.57254 87.56335 123.3407 146.0035 138.1798 132.6863 130.7411 116.3233 78.69007 47.8624 55.06069 92.93568 156.1613 174.7376 168.0793 158.6821 153.0198 130.7636 4.939215
158.9625 266.7108 273.4166 263.4312 255.0865 254.1602 257.2929 263.2338 62.2815 73.39302 79.64095 85.36454 79.40266 48.36646 22.96377 10.71312 211.293 178.1035 150.9454 135.9392 159.3994 196.0323 206.2814 212.6192 227.7263 35.78897 36.8699 30.30268 22.0679 21.66596 29.42746 32.38068 41.24827 76.60751 93.91825 98.93562 87.27369 5.774325 329.0363 322.7652 330.3616 10.71312 57.09476 75.37913 92.95078 110.9657 115.6259 120.4655 131.5834 127.6736 113.8387 76.42957 25.34618 25.44175 51.58194 89.06081 99.8193 58.32453 55.20397 77.82854 350.7067 351.142 348.7894 347.9838
245.556 292.6468 310.8252 315.4696 291.0923 266.8675 261.7193 262.5042 45 73.49564 73.64133 70.82099 49.99374 23.31093 31.90811 64.35899 112.0113 152.1456 159.7751 143.6641 141.0725 184.0283 209.4975 216.9268 218.3547 210.6186 51.34019 32.47119 24.82935 23.40469 32.24247 43.02507 65.26569 83.38654 90.34724 87.67847 36.8699 334.5024 326.5806 325.7843 345.6507 45 77.00539 94.76364 107.354 110.5014 95.71059 70.76933 59.03624 60.17292 42.91743 8.901715 23.58703 92.77917 120.8542 126.7928 36.02737 356.1215 45 24.62356 325.0543 340.2532 349.786 354.0685
263.3333 272.2679 280.8403 304.4127 320.5115 304.8457 286.9023 275.5275 311.1859 72.09555 65.74608 54.32954 31.70143 28.41266 53.88066 71.80083 79.69515 91.87788 123.5034 136.6603 128.2464 154.3348 206.3843 215.8497 215.3556 210.3987 206.3127 213.6901 18.43495 26.56505 38.15723 53.97263 73.1132 81.76438 82.91672 63.869 347.4712 328.0693 327.6422 334.5583 15.25512 62.81889 79.28688 83.29016 74.11615 52.21426 40.06078 40.71085 46.45021 46.54816 31.70143 55.30485 120.4889 127.355 122.4123 356.6335 336.3179 12.66981 75.15455 357.614 296.6888 318.0448 14.93142 95.52754
243.1381 247.3354 242.4376 245.086 261.1075 275.8774 272.0601 268.8466 295.56 51.66666 55.26514 48.90049 30.57923 34.60266 53.8129 63.98322 67.30621 63.75865 56.04094 57.15494 61.69925 62.35402 143.5308 206.7542 210.6997 209.0546 210.774 214.895 218.6598 33.69007 43.45184 56.30993 66.44774 69.1142 63.88609 26.98023 337.4099 329.0363 332.057 353.047 47.33731 73.12373 77.73523 71.28141 59.03624 51.61346 56.48199 63.71174 66.47679 70.34618 103.2764 131.9872 133.4198 116.9958 350.6279 333.4349 345.7627 78.85101 88.97085 313.1817 292.5074 300.0686 97.12502 99.78241
252.8015 263.4033 256.0383 247.9457 239.2315 235.8685 252.1924 273.5165 304.3803 26.34211 55.34486 55.0369 36.96429 47.95078 65.35323 66.2505 59.47029 48.78265 37.99873 33.19012 37.47618 49.49715 65.65891 127.6476 197.6126 208.3008 216.3045 219.6678 217.2348 212.9694 195.9454 57.80426 57.23611 54.54453 43.62516 10.00798 340.2277 335.3616 344.3578 25.42687 66.2505 78.46538 82.99873 85.91438 95.76263 112.6199 122.4712 114.5505 112.1263 120.9638 128.6598 133.2376 102.5288 345.9637 334.756 342.646 84.68546 106.1892 80.16644 310.5635 308.1183 348.6901 68.33404 31.20051
308.5584 316.6847 308.5065 291.2329 279.7067 276.5688 283.1028 297.6292 325.833 24.18493 56.98751 55.83008 50.78239 73.75712 77.73523 62.1759 49.15128 40.35203 37.69424 41.7603 56.63363 70.05098 73.84266 74.0546 108.435 207.2842 224.6102 223.1759 217.2714 217.1467 221.0275 173.6598 51.00901 45.59681 32.58255 6.666659 346.8275 345.5792 16.07357 74.29136 91.93059 96.92722 100.7625 106.7826 113.8059 124.8379 142.9072 151.7898 147.8988 138.0327 126.4444 29.74488 336.6309 335.7849 343.996 63.77803 105.3616 105.4612 321.1466 312.0962 324.1179 30.96376 42.70939 355.9144
322.965 338.9879 345.9637 325.1378 319.3987 321.8128 316.9481 316.7733 340.6768 36.16463 55.58163 54.32359 55.10504 65.19981 59.29033 47.72631 47.51136 47.6264 55.98865 68.72839 74.88653 66.80141 53.04289 46.33222 56.18176 86.00909 220.6013 218.491 216.9217 223.4306 230.9571 241.2202 9.162346 35.40686 25.95337 7.869075 2.290609 33.99646 105.9454 123.1113 127.7939 125.8195 124.6027 124.7778 126.573 131.0397 136.5208 141.399 140.7106 125.6764 356.4677 336.1247 335.086 344.1808 43.75463 97.0284 100.008 45 308.991 315.9963 345.9637 42.61406 24.44395 339.4439
311.1859 337.6199 4.316027 342.3874 317.9425 315.4442 313.3582 315.1916 348.2586 48.83105 60.0491 58.76078 54.30206 53.92399 50.51148 51.84277 58.76078 63.61569 70.37156 67.91283 54.64804 45 40.7636 44.43829 57.47046 69.0265 148.134 213.5842 223.0651 232.6668 240.8902 247.9727 262.1847 25.34618 23.96249 17.10273 47.33731 97.48089 121.0973 135 142.3524 141.009 138.2473 134.5993 128.5065 115.4417 84.55967 77.47119 63.74134 341.8781 330.6859 335.7849 350.0419 35.7274 97.43141 108.6157 98.84181 319.0856 310.0137 327.6651 12.77124 37.61396 14.03624 341.0034
291.0131 306.8288 359.6021 356.0915 326.7251 306.4572 295.9667 289.55 326.3099 61.32096 65.00328 61.22019 58.80752 57.24233 54.88799 56.61852 60.87118 64.11298 60.30085 43.94882 37.14669 44.01224 51.70984 58.60973 57.70711 60.17292 70.70995 184.9697 229.2892 238.6987 243.435 241.1892 227.9357 207.5528 191.3099 54.86581 84.22568 97.59464 105.8995 115.1046 124.5484 127.3332 121.6608 105.0685 61.33604 38.74597 59.58892 70.55997 2.290609 327.5724 326.9293 345.2113 42.8789 100.1755 115.7693 112.8645 6.952957 311.3987 315 340.887 30.73549 45 30.06858 337.3801
310.5587 292.3406 325.3889 353.1836 345.9249 322.8917 288.0605 242.5924 221.7295 91.84761 67.53845 62.53978 64.84463 58.89119 49.4846 51.95296 53.92399 54.14708 48.09406 39.75286 47.24574 53.7853 53.70737 53.94538 55.6539 65.50143 70.75527 82.45058 229.8991 242.0764 240.5778 227.3533 209.8642 205.71 213.3664 182.2906 84.47246 83.04704 80.64702 73.73979 65.69545 57.05079 45 28.71508 25.30138 62.56027 85.88181 26.56505 332.6909 326.8677 332.8189 51.5198 109.5367 119.4337 118.7571 54.46232 325.7014 317.5692 321.7757 2.72631 70.60219 96.34019 133.8983 171.8699
335.294 307.1645 300.4548 326.6593 352.9265 23.19859 183.6382 203.9625 217.0845 203.7908 69.77514 65.40423 67.22181 58.2764 47.8624 57.47511 59.83994 61.84381 66.03751 77.69199 85.27986 74.47589 62.05696 58.90269 63.43495 71.56505 71.76399 73.04015 173.6598 242.4824 232.8777 210.6926 204.9864 218.5713 236.0937 246.2505 73.1416 70.64101 63.28535 52.62815 43.46566 37.37185 36.25384 45.69869 82.94215 98.1301 52.00127 336.8014 331.6992 337.3194 30.96376 106.336 117.0721 116.301 56.00354 330.7086 328.5098 325.9228 337.6199 89.02898 116.565 128.8845 145.4599 165.8329
319.9503 306.9829 275.9541 220.2364 165.8768 146.6593 163.7171 207.5528 227.5791 231.0485 127.5686 68.68209 65.39812 59.15763 62.10273 74.96218 78.55066 87.59978 102.3808 118.5296 133.9678 142.5564 136.3804 107.6501 75.30268 68.19859 66.38863 68.13947 78.94359 230.5055 222.5634 209.1738 228.9603 252.646 261.0983 261.4692 72.64597 69.82054 63.09391 59.45243 62.81889 74.74488 92.91084 108.699 111.2092 72.55281 339.1284 331.3051 339.291 11.30993 78.69007 101.6894 105.0581 76.47684 324.5366 326.4451 337.433 347.1063 83.65981 117.1399 125.8927 132.0263 139.6987 156.1461
252.5528 235.2441 199.6538 186.2773 160.6881 141.3402 164.2281 222.2073 234.8658 232.1962 218.9041 81.17962 62.55354 58.95451 66.2505 83.57125 93.77229 104.7968 115.8936 125.2934 137.8222 151.4769 163.794 173.2902 150.9454 93.42387 79.23186 81.15819 86.39872 186.953 232.7921 251.0647 272.9814 272.8624 259.2673 240.611 183.8141 88.66778 84.7261 92.06011 104.9816 117.2161 121.0922 110.1363 57.52881 344.1569 331.4915 335.1234 355.6677 49.87927 79.87533 89.16969 84.92786 336.0375 311.1628 325.3889 356.9225 66.5713 111.3706 119.5923 122.9052 125.8238 109.7989 38.36749
223.7636 194.0362 177.3736 187.2243 153.0685 128.466 171.7901 232.1604 234.0395 228.6412 222.6829 215.6901 65.29177 65.71854 71.74522 88.00212 99.42065 105.1358 105.8025 102.6651 104.9536 118.1562 145.3048 176.8892 185.8639 162.1351 109.2495 90.3237 90 116.0754 258.5034 271.4995 267.8094 245.7883 228.9452 226.6847 219.4007 105.4222 92.48956 95.12819 95.38931 87.90984 68.00887 34.69515 349.8245 334.6284 334.2495 343.0725 35.1807 76.93845 82.48785 84.05848 71.28826 307.3332 301.6948 327.938 51.07246 95.93742 108.2212 112.3801 110.3128 81.63412 350.1807 10.49148
215.6109 178.516 174.0754 207.2391 146.8887 113.0133 175.9407 238.0593 234.3148 231.4641 231.6048 234.2645 126.0274 82.2254 83.65981 91.70135 94.15128 90.24803 79.17255 72.58808 73.75237 75.72469 83.65981 124.177 180.8069 184.7079 157.2759 106.6208 92.94405 109.3232 252.3499 252.2996 226.4688 213.5245 222.5974 236.75 243.6767 99.46233 77.33018 69.95475 55.21397 36.80193 29.0546 10.46534 338.0782 333.9247 347.0054 84.47246 121.5348 119.1288 110.7723 99.97513 60.78075 299.6667 299.0546 343.0725 75.20324 93.16036 99.00478 100.1755 82.99873 341.5651 343.264 11.80243
189.3955 168.8962 190.561 239.25 135.7441 107.6223 167.9052 238.0981 236.1241 238.9601 241.321 237.6804 206.822 96.94099 90.82434 88.86558 83.23383 75.22838 70.15311 72.57014 72.75854 69.5555 67.30621 70.64101 99.46233 169.7432 175.2058 152.5535 112.9058 108.7681 234.5667 235.008 218.3547 231.7098 249.3312 251.7606 242.2815 215.2176 66.80141 47.75248 33.31063 29.37576 30.16006 7.917502 341.834 4.236394 120.4258 138.2705 142.1772 141.7098 129.2894 106.0112 336.2505 305.4069 302.5249 18.43495 84.80557 93.36646 98.61565 94.08562 12.99462 323.6308 349.8457 5.792796
149.9314 172.9101 236.1363 251.1543 132.3776 114.6468 158.7136 234.7732 236.529 238.9617 240.4122 237.2361 222.7543 113.7309 109.6161 118.4956 106.0203 100.3591 100.4207 99.62525 93.32312 82.82829 74.74488 66.52901 62.78389 75.42578 130.6013 153.6669 137.4366 124.0889 219.6442 245.7142 263.1252 280.8044 262.8228 233.4089 218.7581 220.9555 248.1986 30.55596 32.22127 35.80334 32.52954 16.33604 27.80146 108.7999 127.3423 135.4308 137.0454 130.1792 95.79279 359.4213 331.004 318.3178 315.8185 93.57633 104.3646 105.3501 104.4524 75.80145 328.0387 326.0295 353.264 358.2643
