Data/slopeperc1.asc
ncols         357
nrows         223
xllcorner     457900
yllcorner     5716800
cellsize      100
NODATA_value  -9999
[rows 0 to 27 of 223, columns 0 to 62 of 357]
-9999 -9999 -9999 -9999 -9999 -9999 -9999 -9999 -9999 -9999 -9999 -9999 -9999 -9999 -9999 -9999 -9999 -9999 -9999 -9999 -9999 -9999 -9999 -9999 -9999 -9999 -9999 -9999 -9999 -9999 -9999 -9999 -9999 -9999 -9999 -9999 -9999 -9999 -9999 -9999 -9999 -9999 -9999 -9999 -9999 -9999 -9999 -9999 -9999 -9999 -9999 -9999 -9999 -9999 -9999 -9999 -9999 -9999 -9999 -9999 -9999 -9999 -9999
-9999 91.90918 98.93177 101.9299 103.3622 101.7703 98.0808 102.3248 98.19479 82.05981 66.13638 47.02982 48.55975 72.43516 87.9435 90.08198 75.67387 60.66247 49.04138 53.95115 64.38953 75.13384 87.45824 97.6162 100.1007 95.10139 68.92084 64.52359 106.1263 55.21112 23.39084 33.1964 36.09162 29.65373 17.9881 20.87358 18.34307 8.637471 15.50866 18.67577 28.44282 34.66634 36.17728 20.51996 37.1993 77.09966 82.20741 61.22956 36.32048 20.59368 37.37569 69.82478 69.65789 3.310887 78.52787 98.93145 99.25291 97.25685 69.99219 44.05434 43.38102 50.34099 58.81726
-9999 22.61694 43.93293 65.28979 80.2746 86.89103 82.24921 72.52686 55.94144 35.30731 19.97031 10.1095 24.3469 44.50166 69.25558 88.65815 88.18963 80.31596 82.46296 89.88497 94.64017 99.47405 103.6077 98.93587 77.39678 46.55317 7.768783 84.56499 113.7184 56.949 26.68205 33.82237 34.7616 27.13258 24.5145 14.73673 25.93699 18.39727 9.312712 27.22155 40.08244 53.65392 63.86998 65.16673 40.63683 23.85461 64.76475 82.27704 78.5237 66.08541 55.3691 75.03381 73.9287 20.34299 95.17792 100.9945 94.55804 76.97491 49.51321 43.67385 56.29304 68.17693 73.89075
-9999 23.88136 14.11984 11.37018 30.02903 43.39119 41.15588 27.05135 16.73998 11.54185 7.908534 8.440948 13.73324 22.61098 38.94708 59.17551 76.84115 87.88248 95.71593 97.1203 92.57921 79.90659 58.69741 34.7881 15.81707 19.43501 35.59067 97.43217 116.1738 60.17712 29.23148 33.66434 32.3606 19.61664 19.7803 22.20815 13.07173 30.67064 23.60572 3.057695 19.7803 37.07693 54.94353 72.87859 78.99765 63.49006 28.53158 27.00005 52.74428 67.21463 71.43633 73.13163 57.0366 35.31787 100.4877 101.3312 87.92575 61.70078 45.51756 54.89363 70.04034 80.36682 83.15387
-9999 31.97841 29.8305 23.67364 14.4358 6.587381 13.35944 10.18552 3.068186 12.04471 13.76357 12.41119 12.95266 16.9389 23.89728 27.38271 33.0073 41.48389 44.43105 39.33869 28.84591 16.13173 16.53634 24.9829 27.60783 25.39249 40.14905 104.3903 111.4108 50.84651 25.20132 30.02118 25.05506 13.97279 13.67427 22.83772 20.71162 17.53737 35.72408 33.96334 23.86894 9.768684 18.67686 48.7701 72.09767 86.25974 82.83557 60.75972 33.91299 16.53439 26.75987 42.70847 32.91732 43.60194 96.81499 98.03605 79.5235 57.46786 63.73969 76.45837 83.21184 87.36823 92.78687
-9999 38.06121 34.76043 29.8658 25.04062 18.55195 10.5706 12.21468 9.902958 11.70523 14.24002 13.13786 13.11821 17.4524 21.76187 19.61619 14.19467 10.61017 11.8503 16.20532 22.18441 26.41887 26.1983 22.86567 20.32804 19.78963 41.58821 104.9177 100.3561 36.61059 17.83971 26.72823 21.95655 15.52251 14.24002 18.62479 26.2573 17.955 26.69202 40.04085 40.94369 33.86314 17.48931 11.83669 36.0605 63.9571 81.84091 77.50987 62.56022 51.26584 43.81902 46.51211 26.36024 47.94018 92.28938 84.36403 66.00507 67.42382 80.89398 85.37294 86.48458 90.22274 100.7456
-9999 40.31641 38.72412 34.04506 29.24042 24.9733 17.53697 14.24212 12.95236 10.14724 12.39791 12.93244 13.58171 20.35317 24.78802 23.88055 22.77076 20.91406 20.30877 19.3945 18.4402 17.33358 17.63779 18.57779 19.2393 18.48559 38.31151 97.01306 95.25793 35.7981 18.8995 26.33914 21.87392 16.93852 16.08533 18.8739 25.47304 22.8259 13.07129 29.79089 45.14479 47.60493 40.71029 30.64121 14.79065 21.25957 50.35159 61.62341 50.99667 36.2598 38.30141 52.87984 20.74226 52.46857 76.31822 63.29517 73.01665 88.51878 91.9892 88.94929 86.20695 86.40118 79.05209
-9999 37.74395 39.5857 37.98659 34.52701 30.54709 22.25935 14.79049 12.10571 9.394902 12.19063 16.53383 18.52197 24.64165 27.70598 25.91937 23.49789 19.90451 24.79164 35.39651 41.88079 39.19204 31.0173 24.54465 21.83828 18.17054 32.54192 88.46386 96.34976 44.03306 20.06099 23.61558 21.93255 15.24344 15.83672 21.32897 24.92263 22.11405 15.24344 18.7589 35.55735 49.8666 49.6567 46.90033 42.67758 33.88617 52.05283 74.41783 69.54942 66.5435 74.98058 57.68987 14.76213 44.70729 50.50636 72.68971 88.61241 89.61517 84.07658 75.44006 56.95031 28.13433 0.7617488
-9999 34.61055 36.94418 37.42963 37.90205 39.76401 34.77872 21.73149 11.34683 7.328382 10.66739 15.04102 21.01507 26.86447 27.42382 23.36141 22.36745 31.67309 55.08575 77.49144 88.17817 88.39433 76.53584 57.83097 40.24107 25.46867 27.15924 80.85976 96.7943 53.07033 21.61995 22.63393 23.853 19.3041 19.7743 24.15516 26.41188 26.43749 21.00126 16.14099 20.31307 35.78738 43.47781 44.81338 48.53533 46.86405 59.71339 79.57218 81.47772 77.66348 57.33385 18.63973 27.751 31.433 38.10816 41.03354 34.18131 22.53973 10.84719 24.59817 48.83594 69.95487 75.4721
-9999 29.04475 33.34359 35.73289 38.51832 41.95752 39.53999 26.27575 12.99913 4.877462 7.932419 12.49333 17.62805 24.3807 24.12284 21.84221 31.99373 53.10616 71.2494 78.9674 83.13157 95.70575 103.2192 97.6579 79.48535 51.83818 22.73457 68.64513 95.5436 65.35324 29.68582 28.09357 28.60074 26.50661 25.70648 25.59589 26.4067 25.90385 19.28718 17.0423 19.47181 21.6197 30.64754 34.68552 41.0205 41.66764 53.6046 76.59055 84.79547 65.64705 13.98584 23.71041 26.83415 23.86894 37.41714 57.92278 70.71169 79.77884 91.53325 104.2484 110.1457 104.9704 95.71114
-9999 19.31201 27.22501 31.68458 30.35976 31.72627 33.04509 24.43985 13.79773 5.976277 4.903771 14.72227 22.33522 23.7346 19.87142 25.47189 50.89376 68.10455 62.71982 53.63946 44.28851 52.99072 74.66138 89.32716 95.3845 82.99713 40.54978 47.74545 94.87623 83.2124 44.97105 31.16038 28.94659 27.63864 25.32085 25.74378 26.35997 24.12256 18.14685 17.76628 21.0146 19.06169 23.3926 26.57432 31.64183 32.77278 46.00216 75.42596 81.75985 44.64301 17.95398 38.30641 41.54553 58.87209 76.90385 88.41895 97.06747 101.9002 101.6297 98.42976 94.30884 90.64503 89.14763
-9999 12.06248 16.01413 21.12146 27.48981 33.94357 31.53432 23.09836 13.67319 7.109334 5.234382 13.8907 23.19445 26.21498 19.8062 29.18249 56.33712 56.78619 31.11448 28.67214 39.47383 22.04736 27.56359 57.27509 77.93347 91.24231 73.4224 24.09422 93.73593 103.2572 53.08129 23.3551 21.45007 23.37166 23.45976 25.14683 23.40887 22.18291 19.46309 16.90327 20.00054 20.12426 23.1736 23.36062 25.50448 27.83705 41.30853 75.08416 74.03578 27.90297 30.63422 43.01795 38.23101 45.4518 52.61898 55.02709 59.06385 68.0891 76.19852 79.67677 81.57618 81.19596 78.76657
-9999 19.41976 22.28848 26.04816 35.92959 37.70422 32.91043 25.69307 16.5329 9.731436 6.488176 11.81122 20.49541 25.36606 22.72387 29.5062 49.84826 55.99502 50.31232 56.12669 67.3319 64.17242 25.17601 35.73168 62.80212 82.29596 91.23704 42.37729 79.79472 116.9783 57.6128 16.77483 18.79046 22.20735 22.09093 20.3692 18.45642 22.6329 21.37909 15.6289 16.50363 20.64271 23.27742 23.74221 23.11763 25.06438 38.48101 71.33154 64.51558 15.93728 32.53613 42.97248 42.6268 47.58816 53.57571 56.91992 55.87285 53.39009 56.64802 64.38154 69.621 69.80641 69.646
-9999 29.57897 34.29518 38.35221 41.75849 38.95924 36.21512 30.88815 22.34889 15.0316 10.46853 9.172049 16.72075 22.49552 23.08388 25.88526 36.52354 45.65244 42.15183 38.1094 57.05672 83.88666 58.20439 23.03076 49.21321 72.87302 91.81357 70.54557 52.05922 120.5154 70.48798 24.43902 22.36186 23.86651 24.63344 21.21235 19.96783 25.90268 23.05454 18.9746 12.25573 22.7732 18.8519 23.70933 22.40363 22.26508 36.48115 65.18237 55.28532 3.96603 44.08495 52.58899 50.84578 50.49529 54.65439 61.79353 62.46175 56.38903 50.89394 50.74426 50.14941 46.49751 47.60997
-9999 34.97507 31.48006 44.46664 44.18815 39.24155 38.55295 36.31071 30.67419 22.5382 14.29506 7.621117 12.11274 17.82706 20.41616 22.6096 25.98811 27.61056 20.66721 9.445485 39.53776 84.95854 74.07245 35.84346 26.0822 60.17822 85.88825 87.86607 43.60589 110.3946 82.47876 28.147 13.42772 20.23538 27.93435 26.11061 25.13701 29.47931 23.61371 22.04661 13.31201 20.72639 19.66999 21.01365 28.86835 29.08636 36.56105 61.61261 42.59483 16.05781 55.04163 50.82492 40.74065 40.32476 47.39162 55.29869 57.16331 54.89915 51.41006 48.5068 45.57278 40.49943 36.35241
-9999 38.62184 33.26681 49.96283 47.95023 44.96493 44.18911 39.86449 33.261 25.19819 15.33692 5.921759 8.301187 12.25545 15.23572 18.55507 24.56869 31.91895 29.0827 18.74345 43.86113 80.63782 71.74452 42.55195 13.79695 36.56152 72.33866 88.41651 59.60386 89.10752 81.66727 27.15235 6.198326 20.29242 32.09216 26.32789 25.79361 30.55699 22.63641 22.37289 17.85937 11.90053 22.66629 20.07203 22.95875 30.93125 36.79702 57.53024 25.85726 28.37478 43.56916 43.91988 48.35252 54.7998 63.23219 69.8502 72.20621 71.33002 65.0844 57.11472 53.93366 51.63781 50.82244
-9999 37.18 31.99927 42.71401 35.32637 35.96652 37.57751 34.38131 30.34177 25.79457 16.01322 5.480742 5.72803 7.721777 11.71478 15.85139 19.43216 30.00637 36.24592 31.76169 44.16527 65.31107 66.56435 50.07374 26.3031 14.10178 50.58796 72.93553 65.91233 70.85182 71.17678 27.89793 13.66299 21.87145 34.5487 30.93715 26.18151 29.88583 21.9362 23.02018 20.66519 12.25531 14.59594 23.95198 27.73804 17.82665 32.75581 48.19909 15.0568 29.97628 33.65653 34.20744 34.05257 35.52018 47.49449 64.12582 77.98572 83.58088 75.07306 59.67776 52.83118 51.84155 55.06615
-9999 28.70727 45.41822 41.96832 28.13116 30.33293 31.25603 30.87111 31.68818 28.52707 19.66769 9.667752 4.316089 3.453245 9.800193 17.59901 18.38714 22.60883 33.51413 38.62097 43.84103 57.12697 75.84103 74.8159 48.75237 14.78882 30.06612 48.81513 63.52266 65.37692 59.14273 27.61779 17.92562 22.41268 33.25249 35.60406 31.22405 27.28436 18.4833 21.6535 21.26148 18.40641 12.15748 10.59353 26.85454 36.20993 37.83862 38.23601 7.968189 31.96363 40.62995 53.32184 61.24641 60.02549 53.79362 39.19502 41.19321 66.41769 72.38825 59.59008 52.54431 55.79292 64.78265
-9999 33.39815 59.52013 42.01466 29.80957 27.11342 23.74739 28.39085 33.21236 32.43073 25.28926 14.21981 5.337621 0.8028541 6.367397 17.91822 22.95798 20.86957 26.6881 34.51805 36.25577 36.82379 58.77966 83.71346 72.26088 29.06398 20.49087 36.62458 51.07124 54.82558 45.01212 24.86645 20.91431 26.35637 33.224 36.04895 33.88196 23.61674 16.69087 20.61944 21.62198 20.70212 17.47199 12.58715 12.50237 30.26344 49.06023 46.721 1.795236 48.79939 63.42547 68.36056 68.15895 68.7395 74.54577 77.23189 72.58129 69.83492 71.21863 63.8221 60.30818 64.40321 66.8045
-9999 51.10535 65.80293 38.74757 31.7017 25.78245 19.57526 25.13302 31.31816 32.5781 28.32575 19.04114 9.806547 2.589097 2.183975 12.26278 24.64747 24.52688 23.50294 30.00536 35.53802 34.58762 50.4791 77.88383 76.71645 44.88184 22.96333 30.42878 31.5805 30.54295 27.96967 22.95772 22.2056 26.59102 30.47534 31.15721 33.90345 22.76742 16.81764 20.63327 22.1591 20.8894 18.28126 16.20276 15.33833 22.49399 45.9021 52.59707 1.625637 62.30511 67.81118 54.95355 47.69872 40.93722 37.89989 42.02263 55.68064 65.27283 66.04882 59.79174 57.13245 56.97032 54.04345
-9999 56.3045 73.51277 37.88331 29.06665 28.88648 20.36736 21.44789 29.32825 32.88297 32.02601 26.19018 16.73677 6.971279 4.093676 6.055959 18.6424 25.8371 23.76449 27.72401 37.93262 47.39384 59.66157 68.44947 64.0042 54.44743 33.44754 18.06827 15.87099 12.28103 14.4711 16.35304 19.11525 22.66501 24.56206 23.78346 31.08748 22.50377 12.77746 17.50477 19.02907 18.79734 17.86919 16.20058 16.25024 25.91556 47.19214 46.98408 12.64817 66.82422 61.12213 44.71299 48.08712 49.85928 43.9768 36.58413 30.61848 36.10531 42.26304 43.02257 48.97299 52.79829 51.24647
-9999 49.77526 81.67121 48.01146 27.86862 30.97289 24.50135 18.45454 25.39269 31.59713 34.43182 33.33617 26.14924 15.76487 9.241231 6.367181 10.66582 20.34339 23.20156 26.82932 36.61454 53.09897 62.6102 60.7194 65.07603 72.66226 69.07717 46.52865 19.61922 11.06912 18.97289 19.46917 19.81047 19.71753 20.82713 19.28456 25.49907 23.7398 9.650633 16.55654 23.47771 22.88409 19.37626 17.54686 17.28783 26.07396 44.86143 34.35592 26.86053 64.23869 48.84065 35.09189 41.44096 49.97815 52.30095 52.17324 56.10663 69.33236 73.84698 67.23166 67.29442 65.44492 59.70193
-9999 39.16319 82.36809 67.37215 37.12631 29.43616 28.58076 18.28769 19.28267 26.75444 32.2509 35.79973 32.79783 24.3467 15.25354 8.127911 7.401614 12.74687 20.5653 28.69217 34.64324 47.37101 55.13319 56.38788 64.23846 74.88874 84.63733 75.84185 44.99863 24.08453 20.50724 15.2873 11.88604 18.13906 22.89931 22.11031 23.20685 20.89332 11.4243 11.42712 18.89609 25.25114 21.78138 20.27969 20.48995 25.64246 43.97581 22.068 39.56923 56.26716 37.62981 28.66071 33.39182 41.89602 49.91693 56.19553 58.99537 68.282 79.17632 78.63107 78.91703 74.63184 67.44147
-9999 25.30822 69.63874 77.1741 53.22628 29.14207 29.54729 22.7097 18.64349 23.42359 29.28437 35.04883 35.03504 28.18419 18.54818 8.764965 5.102732 7.616112 14.53283 29.40736 35.7101 37.15973 40.31667 39.86655 40.39412 48.19862 68.09029 77.43339 54.00343 28.28121 22.2278 21.41258 21.70406 19.40075 16.83412 14.14402 14.93311 12.74925 11.82339 17.26319 7.820692 18.57422 20.56977 17.4876 20.42513 24.56122 38.74332 5.921225 46.30822 43.9841 30.54157 25.79503 27.67653 34.00821 44.07851 50.18678 47.23968 49.41808 57.23131 66.37874 75.27632 72.23182 67.14188
-9999 12.94724 54.73775 79.42647 69.11214 35.57137 25.19563 25.26078 24.40564 25.93055 29.98862 35.14484 37.67603 33.35823 23.15767 12.06338 2.698649 5.208927 8.801555 25.42987 37.81348 32.48116 29.37084 33.00278 34.60523 40.58071 63.78343 74.29649 53.13782 34.57169 29.30494 27.92658 30.2113 33.8416 31.72125 28.43543 28.2113 24.32099 19.33564 21.76313 19.78539 9.396529 21.25525 14.37213 14.45039 19.54945 29.75345 6.366966 43.63938 34.09489 27.03183 25.13802 27.04017 27.62378 24.88031 23.6683 28.06126 36.47397 45.30664 65.5298 73.52041 64.84564 63.23799
-9999 24.22247 40.39959 78.04182 80.37935 49.45607 22.68505 20.88799 24.93825 26.11847 27.78398 32.24181 38.23846 38.05346 28.94169 18.07438 6.600482 3.452933 7.720993 19.7052 34.2002 34.93569 27.2488 27.34206 35.767 47.10815 62.77032 62.07861 63.74481 68.97695 66.54597 62.43471 58.0507 56.83678 54.64699 48.05022 40.80199 33.5601 28.46116 27.17775 29.22863 17.89521 13.74156 19.75909 10.11006 17.1147 28.00347 16.08188 42.53427 33.51495 30.0087 27.88354 24.53048 23.06958 32.34858 40.83514 41.37916 48.05223 57.19172 65.68083 60.86932 51.69996 57.75463
-9999 41.1264 23.35667 69.93006 84.63161 65.91076 28.68638 15.02081 21.96748 27.13829 26.65549 27.98013 35.33151 38.39445 33.20935 24.84476 14.50571 3.452894 7.720906 15.23171 24.80062 34.6119 35.35521 29.46219 33.8475 48.58321 61.33272 67.62166 72.10078 71.68529 71.30444 74.47633 76.36347 76.21987 73.11793 66.23507 57.93948 48.12004 39.62278 33.67188 32.81109 32.14035 14.38077 11.70245 16.12173 19.46807 31.01065 14.48793 38.43387 29.91371 27.71283 24.72776 22.45637 30.81886 37.86713 36.3049 32.74916 42.76121 49.98564 50.68343 47.82854 44.80427 53.06258
-9999 51.71749 13.10512 57.88874 82.36344 80.51532 44.7145 25.09611 29.26433 31.23394 27.65315 25.67492 32.92346 36.40465 34.30854 29.83248 22.93739 10.40822 4.929049 12.74867 16.12154 24.0135 37.00598 36.2094 30.35393 38.40073 48.96912 50.31917 48.10342 46.92204 48.89998 57.03245 66.39321 74.34254 79.36858 81.05418 77.88672 67.04231 52.47271 39.38088 32.81955 32.4473 28.79705 14.4499 11.31026 23.3357 29.14075 11.9745 34.36016 25.58062 25.49735 28.82166 25.2765 27.30607 33.04655 34.45475 35.01505 48.82546 57.08666 55.48139 51.52586 45.69814 51.07677
