Data/slopeperc1.asc
ncols         357
nrows         223
xllcorner     457900
yllcorner     5716800
cellsize      100
NODATA_value  -9999
[rows 56 to 83 of 223, columns 63 to 125 of 357]
27.54023 23.74262 25.05578 31.50604 37.11206 37.72051 41.02151 49.13103 61.73068 74.54015 88.99467 92.9904 69.18546 22.36253 40.56129 71.80241 76.64703 82.98819 90.14188 89.41016 85.71764 89.83987 96.50024 80.72026 71.47879 84.10668 91.57932 87.29483 73.32848 96.47488 113.273 113.1652 106.3757 94.74951 103.691 115.2469 117.284 111.9206 36.77649 80.30552 97.94596 78.75151 56.00229 67.77003 64.79688 53.04886 47.47304 32.26548 13.79056 59.59411 96.27072 111.0611 116.7394 106.0995 79.47237 96.9945 108.4383 71.94041 62.01691 56.98666 48.77912 48.45058 44.64724
27.84689 22.07241 23.12817 29.47702 34.47018 38.08709 45.22715 57.96921 72.57818 84.45189 89.09202 66.78136 15.17978 43.41002 72.62563 70.383 64.94853 71.40361 76.83247 77.80035 69.06402 67.07916 65.59921 49.38868 34.87786 37.86663 52.97537 64.91084 54.65318 60.30299 106.3675 126.1292 125.0594 116.1011 115.9745 120.3055 110.0008 66.66312 41.73003 102.6454 95.15437 85.68737 45.1188 68.86418 68.00547 54.24631 49.74986 47.96309 45.69041 34.51406 0.7177783 70.95576 124.6235 115.5436 97.4465 91.6939 102.3964 106.4063 96.94825 73.08705 40.8606 42.45296 49.21691
27.85582 21.60774 21.87728 26.41404 31.66742 39.08389 50.01589 66.40102 75.99091 68.24481 40.89165 5.107025 48.97763 75.45341 79.4499 73.90986 73.85407 77.04128 74.01608 67.45226 47.22102 29.77341 49.20065 71.07375 81.71594 83.89818 81.2211 78.10061 71.96743 45.22593 51.72741 91.7206 115.6713 124.3549 114.4514 104.0609 74.49482 4.927324 78.57289 109.0695 93.35773 89.15424 49.48517 68.52544 79.46287 69.81445 63.80993 53.5509 49.90439 52.04329 52.57698 32.20082 114.738 132.2931 103.0007 107.0179 134.5281 140.3039 121.7504 90.35391 51.90451 40.82624 46.31982
25.04208 19.54667 20.18846 25.76206 35.37209 50.50542 62.9757 62.10457 42.37001 17.15512 24.74588 56.15199 72.4842 79.23392 78.25294 77.69423 76.18513 64.20361 48.39508 39.35438 47.78714 80.46942 94.7779 87.16156 76.75106 81.2071 90.33721 92.20554 87.74073 70.72643 37.33916 17.72742 43.41793 60.00187 46.91126 27.20049 43.36451 81.44149 98.97443 101.9184 86.73532 72.36684 55.29855 57.54029 100.2056 98.62277 87.30515 64.21564 52.57087 58.35212 74.55101 64.46337 50.49458 115.9652 115.3662 97.87128 86.67739 121.9694 131.4191 96.70663 73.58768 52.32592 47.01547
20.7063 17.26344 17.40831 27.26639 44.26352 53.79385 43.00314 15.22586 21.13722 34.40918 38.00794 54.36069 57.9189 61.31653 60.98164 55.49612 37.8883 28.13925 43.97818 64.48062 86.0886 77.25948 51.49916 53.42629 54.59473 61.43037 72.65864 85.09094 85.35126 60.24432 58.19177 72.17489 70.02471 52.76651 69.62075 97.56473 130.2901 138.0571 109.6286 77.93211 66.06944 49.79604 65.93431 49.03434 78.90399 106.0747 95.50209 71.7597 64.58988 77.08967 87.18902 89.58457 43.82489 44.18124 94.53804 94.14966 80.38244 112.6454 123.8381 87.76028 73.43969 57.99224 48.27196
16.38285 14.57307 20.67962 36.67271 38.35914 15.97892 20.65469 46.55192 62.26265 57.57702 32.42591 36.25594 62.7135 58.28178 54.04703 63.55447 77.50867 88.3808 92.54087 84.3382 53.10592 36.94213 72.65073 88.0907 83.28946 82.56028 83.27245 80.57078 59.52749 43.92714 75.54297 92.85625 97.91281 86.848 112.9341 132.8763 139.2466 130.1213 108.2122 77.34732 50.42452 31.48791 62.8284 94.68297 37.87173 103.004 93.12909 86.507 86.75674 87.14962 72.633 77.401 68.50715 28.18581 33.00948 100.4335 120.2468 112.9615 108.5011 89.37738 75.60432 64.51584 50.55207
15.33718 12.13009 31.9474 31.269 6.179427 38.18541 57.78235 61.79739 62.2159 49.39436 49.92923 24.95752 41.66126 61.41169 68.57777 75.89802 75.48754 67.10225 55.72184 37.37237 49.35459 81.84296 89.15022 86.71902 80.17368 74.16093 62.42101 37.71027 38.74621 76.23451 82.04099 82.10533 85.20322 68.26296 116.4705 123.3238 110.3742 98.41714 91.61671 78.20749 62.18795 57.79572 92.92557 121.1056 54.66423 99.42223 103.2252 102.7174 84.66759 50.06832 49.96017 63.49901 59.24055 49.60446 45.52121 95.65926 125.8123 94.59617 110.317 115.4471 94.76347 73.58213 50.6552
17.06967 19.70818 32.60046 5.885821 39.96553 53.00095 48.48396 42.29508 39.84046 27.22765 42.50996 61.73414 45.06648 22.07092 20.5056 18.94351 26.21925 34.37992 47.27559 61.89248 71.64411 81.86288 82.06361 79.25797 76.48832 55.5302 18.75906 51.03583 90.56202 96.13728 74.80804 69.81236 69.22511 47.22858 116.2869 107.5972 93.42693 81.46311 73.66526 62.1453 58.01913 82.99171 130.768 103.1763 34.3462 55.72063 49.68237 42.93275 37.44596 42.92974 55.44491 56.13741 41.90736 73.35693 94.77362 84.29276 85.66917 63.24274 103.2462 126.517 109.6369 82.16555 52.37521
17.65362 28.58299 13.95641 30.58749 46.5116 39.26534 29.44518 29.06994 32.36916 29.73568 31.37108 49.21106 70.62039 80.58962 83.43687 83.60147 86.64909 86.36028 72.04482 65.04247 69.47549 70.8716 82.99892 79.00685 65.09195 24.28748 51.84638 92.20592 101.3567 79.21847 64.05942 68.90314 56.6432 55.77256 117.8048 106.2873 76.6842 70.06981 71.46152 63.45345 74.6301 112.8673 113.7178 25.79932 61.54855 77.42832 70.22356 47.55752 25.47785 42.4678 62.90002 62.01598 20.90037 67.05994 94.99039 117.1132 102.4967 85.30816 124.2957 133.9171 111.0992 83.37975 50.39407
25.13278 23.32569 15.25247 37.904 37.52242 27.71573 25.64759 32.11718 35.43063 35.54313 33.09371 28.61981 40.97651 64.30298 79.48697 86.39471 90.72265 88.41359 78.25134 70.50417 79.72639 76.94653 83.34289 70.25761 35.38062 49.1339 88.4802 103.6782 79.0463 51.49625 65.39912 61.59491 47.00407 101.0566 125.8623 100.8445 64.19926 53.01433 69.41629 79.13177 113.8874 111.8603 32.91423 72.64745 93.7056 75.88654 29.3693 21.68041 46.02329 51.61678 69.66814 68.63833 24.23545 75.4325 85.29663 87.28596 120.4417 134.2935 141.8599 137.9647 110.9703 76.88333 44.64342
26.5551 16.74924 31.2274 30.77044 29.48822 25.16195 25.98772 33.71115 36.39304 38.12124 38.30154 33.85124 30.77044 34.77818 40.32106 49.49696 60.65035 65.89272 74.27124 84.66566 87.74407 80.52705 70.55814 30.72332 43.57734 88.43371 106.5487 98.49117 50.94508 70.66255 77.59354 35.8314 71.58459 127.1911 113.7795 82.82348 62.08255 47.69164 67.41132 96.49134 90.36392 32.76386 72.30904 106.9805 86.90794 26.64466 45.92894 66.65103 42.21822 70.51661 85.96339 72.13966 34.11649 64.73885 129.2293 129.3904 99.40219 105.7042 118.8366 119.2784 82.23914 46.96448 28.72839
7.717332 26.23525 30.86307 23.98253 25.37443 27.47009 30.89539 34.86007 35.95388 39.02386 41.99372 37.99138 39.01809 46.18216 47.00301 46.84865 46.80259 43.36653 42.65622 58.01873 64.06528 47.96841 19.9879 36.45803 82.8412 105.5835 107.6384 70.87646 49.99793 90.43056 78.05473 15.48672 104.3716 124.1691 89.44046 71.26783 60.37888 53.06412 70.8033 62.97155 31.11965 98.96191 110.6895 87.12007 31.66115 51.1438 91.46206 59.00851 60.88013 91.3779 88.68209 64.26998 28.69106 41.42798 101.4247 155.2395 144.0128 72.45011 60.02112 53.1399 48.64021 40.59909 32.22952
12.03334 24.01043 22.94502 22.57158 24.74337 27.7415 33.66452 37.2594 36.38779 38.21737 42.79889 41.38164 40.86419 47.31104 52.44658 55.70766 54.79993 51.03673 47.78161 42.65574 29.36941 10.05405 48.91422 87.94292 102.0665 102.3836 75.79737 36.50086 73.44708 86.23029 67.06891 34.45002 118.7391 122.4667 76.91045 74.87479 69.3694 58.31915 38.50354 36.71631 101.4956 100.8759 62.53427 31.07892 60.22712 94.02824 79.30465 31.25246 78.58778 92.83781 88.99418 60.37233 23.94599 62.95089 124.6129 149.3664 128.2783 67.11832 66.15599 79.5025 75.13489 50.90853 32.09704
14.72996 14.89296 19.29915 24.53404 29.61793 32.2258 35.58587 38.23462 36.37057 36.38385 39.26312 40.92198 40.71615 44.13884 52.49507 58.49211 62.77402 64.34061 62.90926 60.86818 43.7079 18.54376 61.07725 84.76273 90.19291 80.69246 36.42894 54.05048 80.13721 75.20813 55.39875 51.25519 126.4537 120.128 85.9395 66.59852 53.7333 29.72642 54.22946 91.57467 88.3943 44.50201 52.64388 84.69624 93.64466 86.34161 42.10684 53.16777 82.23048 84.3344 81.39948 59.97684 31.13136 57.60089 128.8682 121.8973 88.20947 77.37071 77.74924 68.90346 73.20039 55.47366 37.71754
9.305565 12.00092 16.52986 20.86195 28.01798 35.55561 40.41015 41.20374 38.11951 36.30904 38.59536 41.19046 39.4663 44.16824 55.86855 61.98634 64.47334 66.48166 64.19062 62.40299 50.84663 6.597128 61.73082 81.2196 71.37013 54.15757 22.43374 62.30542 81.31467 81.87843 57.43906 59.4251 130.3157 116.2985 89.37334 50.27362 37.60086 69.15497 72.14175 63.60876 40.63892 67.1844 100.0749 106.6321 102.2583 81.14188 54.48468 78.22471 84.00146 81.0482 79.59257 76.07206 64.939 20.93127 103.795 146.3914 120.2635 78.40598 61.23237 68.91996 73.81441 81.04343 65.01281
6.698739 9.790932 12.53348 14.22036 17.9075 28.27841 38.7647 42.16319 40.25726 36.70015 38.42021 42.92887 44.21654 45.10525 48.26329 51.76772 57.45354 62.48735 61.62313 61.39391 56.51867 16.45355 55.74967 76.25379 79.49778 63.70514 16.12951 53.49432 77.78019 91.02257 71.81895 58.5293 134.0617 120.2667 85.11214 31.65972 63.04687 74.00696 56.25778 67.2392 99.92049 119.2345 104.7108 75.89327 39.73573 15.09231 30.3855 59.86052 89.45297 97.24458 100.0638 101.0535 95.69799 68.58301 12.88303 101.4931 127.2318 94.9822 74.93543 86.83819 88.62398 90.89198 76.44478
6.640749 8.075631 11.40374 14.60656 15.78233 21.99416 32.51805 39.76767 42.72921 38.28297 34.77582 39.1271 42.67569 43.34626 43.03099 47.43597 57.07176 60.55222 59.56983 61.80291 61.30822 26.90615 59.96032 78.03176 77.90626 67.57845 19.77304 36.00195 63.07321 82.24335 72.53882 52.29854 136.7661 130.209 80.63864 25.75703 73.33103 59.21701 64.23428 98.47404 108.498 75.37531 32.73903 38.05104 67.15797 84.26357 76.49906 46.51847 38.33674 54.34147 57.41086 65.05193 76.44981 85.03021 63.11963 20.86302 112.198 132.4774 117.0432 97.18156 107.9376 106.7552 68.00011
6.817662 7.616041 8.977781 12.68128 17.01675 21.24804 27.26238 35.63037 43.92485 42.95488 36.09887 33.41211 39.15051 49.35954 49.56778 49.42927 56.77424 62.69884 64.40672 66.52587 64.92291 35.21692 61.02651 81.05618 74.0192 54.80564 20.60664 25.75174 55.08742 71.76576 62.76451 61.95359 130.6579 126.1128 69.89848 29.19626 66.67812 62.21904 76.5718 57.50209 20.464 54.12957 81.82453 95.77753 94.1625 86.79989 85.89028 96.10197 92.7743 85.89703 73.03199 54.61325 34.41441 46.95871 78.89444 47.0409 68.61806 110.6486 95.77753 126.2432 134.0448 82.00098 55.95013
6.817585 6.582176 5.917815 7.836753 14.97188 21.94531 23.79198 30.02642 39.71818 42.62643 37.84661 32.32272 36.17595 49.23035 57.61272 56.96152 58.67671 64.733 67.40665 68.61728 69.77416 57.58199 63.83068 79.53395 71.39577 44.08746 23.10145 22.64977 52.95487 65.95464 54.40004 87.15751 115.8064 107.9092 70.58506 34.83515 61.86346 49.3479 24.13717 54.02837 96.97478 110.277 108.65 100.284 83.45021 59.74384 23.91208 9.898498 19.797 53.35514 74.09443 85.80832 79.69769 52.23023 68.14043 72.24906 21.35659 106.3553 134.9608 138.2089 95.5601 67.12769 85.31324
6.458692 6.194128 6.358239 8.170459 13.54026 22.12619 23.09004 26.1333 33.37666 36.98593 37.50016 35.22983 32.05034 40.37041 55.83946 62.78463 63.44303 66.86365 67.2285 59.85781 60.30888 68.87262 65.61973 73.37989 73.08321 51.25172 37.56876 31.71517 52.0333 57.81341 56.42948 97.45147 108.8704 101.5805 69.46686 25.44435 41.8017 41.25138 69.45156 84.17128 80.88142 66.0792 51.31072 35.61149 37.23572 60.1828 77.2218 66.27132 52.53013 60.30301 68.64746 61.1042 69.68521 76.93073 66.4348 57.80896 46.20864 134.418 114.2282 82.48442 86.83427 89.2526 91.96061
6.817431 7.054105 7.049541 6.596681 8.345757 17.50658 21.85664 24.36226 29.77276 34.99568 38.89762 39.08583 36.37743 37.76658 46.24642 54.55892 61.19036 67.56538 67.15877 54.1093 41.10553 54.87422 64.04219 68.92557 69.91821 53.08783 39.84996 40.86758 54.28687 49.42825 61.35163 90.15044 102.1062 92.3957 42.88068 32.29309 54.01047 54.5943 53.41663 53.67931 64.62455 77.54411 88.39387 102.8108 104.2539 86.41341 51.80085 51.75174 74.74885 60.6435 71.20862 74.32957 43.94021 63.68941 75.99918 58.6902 71.04572 134.9577 120.3399 106.4082 103.9392 85.25093 100.8817
7.53497 7.41006 6.901812 5.488708 4.664505 9.641194 16.28728 22.60349 27.68409 32.51126 38.33206 41.46136 40.79776 38.55309 38.98066 44.63737 57.40089 67.19442 67.75728 56.38198 40.70377 51.93739 62.15257 62.77604 53.58268 42.62498 22.31833 32.45181 46.49092 38.14182 66.33245 90.62764 97.31641 59.05909 21.89906 44.99431 45.3761 55.0937 64.62183 68.96774 68.76583 65.63589 54.24058 35.20436 40.4754 50.56012 53.05751 92.82803 98.42205 76.14217 62.6883 74.17615 67.51411 62.16655 80.54782 80.37382 93.92449 135.1504 125.9151 65.79899 53.64211 99.57329 116.9103
7.176081 6.640299 6.141736 6.099669 6.483342 8.106907 11.50693 18.10094 25.62499 29.17807 31.56252 34.08638 35.83104 37.51605 38.29046 42.62979 54.54293 64.42756 65.84225 53.69188 20.39825 18.90628 31.04951 29.9553 28.00166 30.68247 15.01199 26.03741 32.84282 37.06986 83.49039 101.6119 75.13369 7.466228 44.09715 47.47142 38.361 37.24828 34.89265 40.34352 53.11512 57.449 56.37507 61.9002 91.67461 88.5603 68.7468 74.05676 101.6059 62.36279 58.70916 66.28899 81.83643 76.22961 64.82845 51.40612 61.96879 93.84801 126.1198 107.037 103.5602 121.7065 108.9548
5.564293 5.752001 5.785476 5.922917 7.184964 9.290772 10.93016 13.84522 21.32522 26.17642 25.12241 26.13335 32.00367 38.41171 40.67279 42.13876 50.27939 60.01352 64.50871 60.54796 43.46814 34.26587 62.54502 49.02119 24.36276 24.8286 18.41102 24.7676 31.15781 59.63047 102.1528 78.16283 10.46073 54.06165 73.13361 78.51737 89.0247 97.48339 98.71957 91.91164 89.31922 87.76603 76.5603 63.70999 72.5424 67.4186 45.77056 43.18885 82.29671 79.74406 47.51899 57.85476 74.58079 80.59035 39.94864 50.80093 92.37027 114.1035 119.8255 108.1819 117.0934 118.765 88.45894
4.161105 4.847066 5.429568 5.393886 5.840775 7.184883 10.10379 12.62686 17.52232 23.75923 23.85386 24.4403 29.77142 37.06294 42.1528 44.17199 47.47102 55.89219 66.77269 73.82832 72.56021 25.98485 67.08333 72.72945 38.88428 30.20073 27.91354 30.33577 44.82868 86.5141 89.13534 4.430803 65.96822 78.7412 71.69099 75.48925 82.70422 87.82369 92.82488 93.34523 88.25249 83.09826 76.21775 79.58681 76.14678 74.37945 48.5801 45.08924 49.17599 77.86616 75.47006 61.87332 64.59573 79.0329 31.25646 73.67995 109.6194 132.7179 120.6504 100.0729 138.3599 123.2309 49.40778
3.403799 4.312971 4.926044 5.035884 5.224089 6.362868 7.732777 9.414442 13.23159 19.36313 22.32741 22.28124 25.52849 33.07898 41.48509 46.38279 45.85383 49.81913 65.70546 80.60609 83.68739 63.7646 80.93521 74.79456 40.38999 26.60025 29.25639 37.2012 62.20255 90.60792 29.53884 69.19476 90.66331 79.41427 76.60228 79.31817 83.23392 87.61027 91.7052 95.2915 97.7749 96.89142 93.47372 92.84082 95.54919 91.78132 71.07386 65.3484 74.03468 83.72276 80.0488 73.40868 62.40556 72.79232 14.46114 89.66531 119.9023 152.1231 133.8984 99.18503 104.08 80.55856 75.19408
1.846973 2.836467 3.384798 4.437961 5.22403 5.476659 3.178868 6.05172 7.220466 12.72559 18.10013 17.55129 19.44749 27.74755 38.8627 45.42954 43.99213 42.90253 56.41817 77.55131 80.00647 67.99242 73.74814 61.90364 35.45288 19.93292 29.18558 53.36419 69.47248 46.82491 47.34708 98.58834 85.56055 83.92606 90.03967 91.36066 92.51579 90.30519 77.20235 61.20147 53.90183 53.64148 57.86393 65.53405 81.11661 96.47391 95.90648 90.60263 80.79022 74.28425 64.04589 54.80242 54.55463 68.26875 9.234867 102.501 122.9865 129.2134 123.6244 120.0104 117.0358 105.3542 91.92323
0.567287 3.551778 4.011324 3.096784 3.054934 3.560827 3.336882 6.717023 6.342461 9.670537 14.52299 11.93462 12.86129 21.46115 35.12143 44.56147 44.52751 39.36334 44.40013 64.95919 73.24815 66.70532 64.02959 52.60925 34.04195 27.75535 48.49889 78.84431 49.83932 31.35717 89.5613 92.35076 76.45926 73.83801 71.99406 73.36273 62.16078 32.76248 43.40617 68.3975 75.01928 74.95448 77.5774 76.88403 66.72318 65.95867 65.70594 65.25132 43.77162 19.75756 31.22553 44.67182 56.08113 71.02877 38.45268 71.27888 124.6638 134.5343 130.0065 127.1667 109.8869 84.57714 94.77225
