Data/slopeperc1.asc
ncols         357
nrows         223
xllcorner     457900
yllcorner     5716800
cellsize      100
NODATA_value  -9999
[rows 84 to 111 of 223, columns 252 to 314 of 357]
17.75144 24.22361 39.18755 45.45613 13.19461 21.33458 28.92575 39.87542 51.42516 49.04205 26.62233 10.83788 35.21529 36.45192 20.57438 32.00388 38.64342 31.84865 20.27661 26.81143 34.8783 37.61716 35.23447 34.26394 37.12113 37.30705 24.49181 6.58632 22.92824 23.27925 7.71585 19.5609 27.22947 26.88934 20.7038 15.33337 21.10558 27.80601 24.7662 16.97487 20.76123 17.70243 13.00546 14.71434 9.573437 19.89206 15.22174 23.95644 29.81328 11.32574 27.57824 33.85672 15.90208 17.5857 32.00287 31.64185 18.08371 12.70759 21.93257 23.15867 16.96918 3.413125 12.8386
17.28093 14.71636 39.48815 48.38087 22.64696 5.003603 32.29081 48.05787 42.03191 25.82313 16.36269 15.73099 27.65716 30.70625 33.41433 28.39999 21.87061 19.62801 16.45095 29.70914 29.4677 25.88785 22.32496 19.10965 17.76574 11.84503 6.596011 25.27014 29.11614 33.94936 22.14259 13.96232 22.12369 24.6095 24.17546 22.23975 18.32919 15.07285 24.58203 27.11665 21.22849 21.82347 12.97806 9.307446 10.17621 18.95918 23.97228 25.86795 23.15424 9.723416 32.32169 25.47181 19.06919 34.43219 35.3353 19.20874 11.826 23.79037 27.43872 19.90154 6.998425 10.46002 15.75348
30.7478 27.10092 21.78338 31.7751 30.0898 30.97303 45.31401 36.7859 18.58008 6.130692 22.2742 17.86848 8.433042 17.73109 15.55803 15.29941 24.40702 10.60047 12.7073 20.41061 16.99911 17.81257 17.80353 21.5875 26.32513 28.57701 28.7219 35.27748 28.39967 37.95865 33.55809 25.37025 22.66943 21.4199 20.92749 20.76076 21.72421 19.55388 13.02741 18.58008 23.64221 26.48357 20.37747 12.82075 8.010335 13.21381 21.88801 25.59754 17.11044 20.144 28.77004 18.95727 34.64515 37.17487 17.75829 13.44796 25.47657 27.56828 23.13173 9.590014 9.86785 18.85685 22.02431
34.67726 42.67525 39.3542 19.23008 20.57994 39.92649 53.28453 29.78635 8.640267 21.14599 15.77354 20.99633 12.55686 9.008567 23.89511 32.2821 26.64196 15.05969 20.3013 23.5369 25.83625 29.12985 30.74745 35.02351 38.27228 37.95568 29.09558 31.00072 26.58272 38.12064 36.91124 37.52596 36.68738 28.2824 23.36125 21.85392 22.16243 20.32348 13.95278 8.640267 7.304247 14.6371 15.07251 16.52669 9.427467 14.22684 11.70539 17.80333 12.48233 26.67576 21.22801 27.56913 35.05748 14.98687 19.92695 31.60415 33.24848 25.3687 9.94893 11.06087 21.96554 24.25332 22.92747
42.2405 40.47037 41.34117 34.20317 38.39356 48.81887 50.46019 25.19532 13.86239 28.04099 14.96736 18.22646 16.00021 24.48282 36.06689 32.8048 26.69355 22.73695 28.72125 32.56063 33.51128 35.1881 34.66666 32.48742 31.64449 34.3365 31.01282 23.61444 26.25232 30.9557 34.02773 35.98114 40.66866 38.03062 30.679 24.36556 23.12008 23.64167 18.95854 9.562916 3.771286 14.8313 21.05731 8.849904 20.02016 7.066822 16.83706 19.61915 6.658906 26.77299 26.95506 30.85575 9.498768 28.08914 37.00746 35.82699 30.44632 12.5951 12.9354 26.34409 28.92444 25.92175 20.67331
52.22692 30.61986 28.21456 27.22911 45.54197 54.54855 44.75156 14.52865 24.83745 30.81261 13.95247 17.28945 15.40996 32.21852 33.48977 25.99954 17.59385 10.59404 13.86224 23.01799 30.1155 36.18405 38.66954 36.79778 34.80152 36.37917 39.58484 24.88146 29.25375 22.66866 31.78212 31.68986 34.36983 37.77892 36.63741 31.76288 27.51594 26.66671 22.79182 22.15176 19.77087 13.55949 19.45588 15.24833 13.66115 22.46762 10.75082 20.47445 7.715414 19.51368 27.08693 12.6866 27.27516 39.07433 34.67647 27.26808 14.19255 11.42693 33.15566 34.58449 30.30828 23.64141 13.24255
48.21558 10.13762 15.54285 16.2671 43.80417 36.17297 15.0784 11.59174 34.38161 29.87918 10.76266 15.00138 22.12971 32.73336 22.32946 8.907688 7.614578 14.35918 13.07613 5.229714 8.658575 16.89582 24.10345 30.81957 33.92563 35.69751 44.00351 42.57113 35.23208 25.83163 32.33678 32.98697 33.40281 35.90423 39.82347 40.02093 39.54129 35.98479 32.08104 32.8658 36.44591 31.96146 22.25007 14.88943 11.23082 16.40301 22.69677 9.5526 17.76654 11.84436 10.66958 28.04036 34.30947 31.34134 26.1301 15.57594 13.27395 28.41424 40.6527 34.50865 22.86626 14.608 13.65157
45.64609 24.77723 19.43393 34.63112 38.85544 11.26502 15.78914 25.36375 36.13429 26.31387 10.15336 14.18089 23.28294 16.49671 5.790251 17.99488 21.56242 22.25415 25.15484 25.03046 22.2368 20.65236 15.8826 6.48239 4.437509 7.88029 21.56242 36.72692 38.10372 30.90472 32.37719 37.34893 39.19431 37.19007 37.50024 38.80489 39.9875 36.68573 30.7743 27.16105 31.61595 37.42036 38.94477 33.75315 20.05962 13.78511 17.9537 18.28049 17.37816 14.35005 19.43393 31.91274 28.17626 24.83689 23.66808 17.96983 26.15935 37.99463 42.88317 26.8393 8.375134 17.36334 21.98066
42.14708 28.84739 18.79918 48.07348 31.53815 14.75887 22.71752 26.58121 27.41191 17.13183 8.76181 10.42838 5.464276 15.77061 29.414 28.84293 24.03875 22.45684 26.2082 30.17852 33.53568 37.24498 39.26276 38.48641 36.03223 32.00802 25.91437 14.8653 7.880201 10.59975 20.99361 23.98247 14.24186 6.02973 2.64842 3.086061 3.863827 6.301098 10.79227 13.53766 7.880201 4.312435 10.97556 19.61826 25.77494 22.30301 15.68879 23.36682 13.2421 14.22604 21.53082 30.55045 24.86121 21.9643 23.08561 20.91838 31.94664 42.20201 35.62363 10.45919 23.10511 23.95428 15.57558
19.0995 20.1424 28.7017 46.79984 20.40269 9.219771 5.393094 12.66572 16.53725 13.28077 12.12584 6.362006 21.5992 34.64149 33.97471 28.36114 25.83076 25.04146 27.86791 32.23204 34.48603 35.93257 37.78318 39.89154 41.79321 43.98739 46.12607 45.38137 40.28481 28.3498 14.97511 10.55096 26.033 32.88034 31.7736 33.18811 35.15867 35.73144 34.33924 33.28878 32.55879 30.80391 28.41215 24.15197 9.652794 12.24466 18.95577 28.2748 15.72343 14.81961 20.9627 30.75687 24.32718 22.33591 22.46661 20.64878 35.53641 38.31757 14.19191 23.79769 27.45382 12.45309 8.093616
21.00387 32.83689 39.40991 38.68566 14.58309 11.52999 18.70955 22.57778 20.93789 16.39638 11.40091 16.01922 35.52786 36.66606 31.5405 29.5236 30.03571 29.6877 31.21856 34.67451 36.24864 36.57117 37.09613 36.9362 37.00756 37.67701 35.61198 33.07607 33.64603 32.58509 24.61746 27.02356 34.8439 35.21131 35.01431 33.90133 32.64724 30.49283 27.93217 27.37958 28.02876 29.67144 31.33993 34.74126 35.62282 26.78079 1.366038 24.48116 26.44105 17.87227 21.42998 27.52841 24.92269 24.96397 22.16213 20.35193 37.28559 24.60569 14.88876 29.76455 17.7585 12.83715 23.48304
18.26557 35.29214 45.60101 31.65215 17.11434 17.59814 13.09506 22.37426 23.17246 19.3717 5.970543 27.06727 36.99062 35.54557 33.71538 33.95784 34.62491 35.43769 35.88965 35.87531 36.41559 37.09051 36.86778 34.86289 30.85956 28.30145 27.06014 28.13385 29.32427 29.13716 14.79103 28.92215 32.48485 28.73466 31.9999 30.88457 28.61461 25.06529 22.18654 21.42973 21.55398 23.58121 25.6389 28.72122 36.42354 41.35424 28.75481 6.341601 12.36986 15.20504 23.60575 24.87978 26.33346 28.66404 22.8523 21.73976 33.65425 7.614148 26.08303 22.28782 13.42504 24.4164 30.61779
15.82081 43.43462 50.70813 26.12833 15.26189 16.0309 15.75969 27.45289 26.75494 17.59246 11.17262 33.3832 37.71371 40.11538 37.07621 36.96497 38.63402 40.96216 42.1696 40.0889 35.07961 30.75583 27.41537 23.9787 19.01613 20.27386 26.24872 29.32942 30.03503 29.78332 10.22541 31.6843 31.47546 20.88819 27.62462 29.12247 25.71004 21.41748 18.85472 16.36065 14.08905 13.84023 14.95095 18.22481 26.98483 37.98656 43.45313 38.82342 27.8762 8.757742 15.93428 28.93295 33.22284 37.06579 29.32942 21.79125 26.58606 11.16397 26.01357 22.02621 28.61316 34.95098 31.65078
18.75185 49.5524 45.65075 16.81431 9.507958 13.93044 16.31715 33.83939 30.51078 10.79166 19.60239 36.10512 39.4665 43.44968 37.57227 36.64375 42.15081 40.82954 34.67334 28.58697 20.61042 13.78184 17.27858 22.53423 24.78723 28.25758 29.96391 28.08629 26.88778 26.54822 6.386953 31.24428 33.20987 22.10178 21.36309 22.81515 21.19224 19.38454 17.40658 12.36698 7.015842 8.431993 11.67931 10.14633 8.073351 17.26554 32.24555 42.19276 45.72187 40.80195 21.60121 3.838547 20.42698 38.74418 40.05714 17.9507 20.82008 14.71437 30.79312 32.86319 37.5697 32.72094 19.7821
29.8894 53.83833 37.58297 12.73845 6.46697 10.41224 16.81412 37.89667 27.08893 7.066023 22.06219 35.18412 38.16398 42.03339 37.46981 29.79021 30.49356 22.14951 14.07045 19.65625 23.19526 24.39844 30.44288 34.55677 36.02711 37.04152 35.31646 29.49392 24.79214 15.97224 12.20186 31.14906 33.12414 24.98216 10.68067 10.98946 16.20618 17.93974 17.9684 15.62196 15.42926 18.60178 18.33352 17.95228 18.57756 14.3534 5.586182 13.47959 21.59798 30.10817 31.28303 22.86419 9.791232 19.65625 40.71861 30.64931 13.45331 13.78402 23.64853 31.39287 22.61093 8.639194 13.71852
40.09717 53.08858 26.91229 17.25024 5.94327 2.968927 24.35197 29.42807 19.59538 9.892451 20.35868 33.39459 36.8949 41.73645 40.17972 23.74736 8.657695 24.32024 31.49074 36.01867 36.07311 36.11232 38.78231 38.94868 35.51952 27.74222 17.85325 14.89656 14.07029 14.91382 30.10355 32.88692 29.9482 18.8336 4.572787 17.08722 21.14465 20.05781 19.09315 18.65339 16.72184 10.91885 7.490271 9.921676 10.52276 17.31167 26.37133 31.3094 32.64638 28.06503 20.99349 17.59186 17.69761 7.147424 18.76515 37.61592 24.64088 16.12441 15.04269 11.67904 21.1142 32.5012 33.94114
49.4851 45.83697 17.10209 20.00137 8.50767 7.668448 25.19318 15.1342 15.40387 11.23528 17.6683 32.16854 37.19754 41.83298 42.03015 23.50062 16.24151 34.63968 34.65453 34.45997 31.78829 32.10448 32.06036 25.12285 14.75753 14.17945 16.25141 16.56509 16.61744 31.04179 33.8506 28.25662 21.83746 5.129748 12.43919 20.05277 19.69505 16.42664 15.43099 14.5556 12.19631 12.83377 13.65946 15.87491 18.51817 17.08515 20.21733 22.38162 17.91062 9.388467 6.829728 14.71387 20.4829 22.51632 14.98467 11.87558 32.75226 21.11243 8.431707 28.75319 40.00435 30.99616 19.22725
52.32385 34.83099 17.24985 19.31883 16.77141 17.58232 21.52863 11.39436 15.98176 12.66457 11.84289 28.25972 39.24893 43.26148 43.5106 25.35454 16.61919 33.9972 32.52322 30.64092 27.19113 21.67308 14.42 13.59557 17.93554 18.47448 19.74051 10.55 22.8254 32.68503 26.42435 19.18684 10.27191 6.89994 12.88616 13.09417 13.29893 12.25143 13.28926 12.83363 9.257241 7.316294 13.24075 19.2588 20.01883 17.40579 11.9241 15.48077 21.91515 25.49119 25.55925 26.14532 27.90692 28.73719 31.24905 21.35007 12.12474 20.42605 16.92035 38.48166 23.72107 13.38573 28.34723
49.79827 24.43554 24.14419 21.98671 22.74608 24.98104 17.47016 14.55528 16.33593 15.05714 17.24966 12.6822 35.43761 46.29194 44.70183 28.04573 9.797359 32.2856 31.78656 28.05376 26.09576 21.93251 21.33024 21.67135 17.10734 19.74028 21.01575 16.96573 32.83882 28.42284 20.10359 13.277 7.51146 9.708304 12.69234 16.51805 17.80032 15.35332 15.08276 14.41983 11.82373 13.63558 16.04185 13.79972 11.80194 19.73865 27.53994 29.41396 27.98832 25.88909 23.07463 21.10129 20.4573 21.07689 26.82517 31.36685 15.82584 9.10649 32.89558 39.61396 34.14787 45.51549 55.93123
52.98672 24.57179 25.22805 25.13096 27.31799 27.48819 13.36619 16.13963 12.79569 26.42376 28.86721 18.13844 19.37825 45.83541 47.10492 33.10284 2.091578 30.85782 31.04903 25.42491 23.00736 20.19595 18.71624 16.22114 18.15794 23.25351 13.19909 25.57754 31.74164 22.37943 14.52857 11.09372 10.29983 8.891921 9.187272 13.24046 16.01358 13.87628 15.89867 17.95844 13.57869 10.89476 15.51985 21.90291 26.46754 28.15874 27.62244 24.75958 20.69935 18.36404 17.81276 16.42999 15.524 18.29032 22.94716 27.38502 28.90285 11.55112 20.41929 44.06426 52.96 51.8105 45.77502
50.6496 27.45392 15.49063 29.54967 31.94231 24.95986 13.95932 13.72931 23.03644 36.97381 32.97297 33.84907 10.45777 36.6549 49.63345 38.69376 6.134691 27.71977 30.67345 23.42552 20.19732 15.77663 12.74516 15.62708 21.73755 18.07962 16.26848 29.98193 24.14364 10.09786 6.829419 11.23191 11.93987 8.683175 7.142518 11.05001 14.10375 13.52156 16.13147 19.44266 19.60084 19.88272 22.2234 24.96115 26.36984 24.64993 19.31651 14.38601 9.668243 7.676486 10.50993 13.04204 14.67818 19.22638 23.75279 25.66263 30.26915 27.91058 14.77429 3.085643 14.57262 19.68762 14.32102
46.66409 26.28157 14.44164 34.07599 30.69407 20.20186 17.38467 12.74502 40.85498 39.07055 31.2054 36.57014 21.29329 22.83423 48.42045 43.38351 16.4863 21.09905 31.31961 22.79899 17.85204 14.28037 15.83343 20.07729 17.70731 11.69201 24.54504 22.43634 4.819072 13.48091 23.19343 27.1899 28.1718 25.5669 19.74124 10.32455 7.899429 11.01198 14.28487 16.50385 17.24907 17.23601 16.91959 14.66048 10.83531 8.891721 13.31525 17.77801 19.64815 20.2718 17.47141 12.59268 6.927544 11.09347 19.79006 24.60263 27.90105 29.25726 27.81329 24.4255 19.38279 12.74502 12.59268
48.05115 22.1417 22.6643 34.25917 27.21443 16.78771 18.41763 21.56473 48.36341 24.73665 25.75213 33.1493 24.91544 9.325954 39.67221 47.076 29.0484 10.09763 31.55763 25.32772 19.91459 18.78422 19.63483 15.68631 10.84409 17.69621 16.42944 1.045754 19.08321 32.23629 37.69666 39.84534 38.3388 35.57552 33.23264 26.14384 19.48849 17.02364 12.85794 9.186961 6.501112 2.497991 2.835698 9.256719 16.31549 23.93571 30.70525 36.55565 41.79091 44.03064 43.58422 38.56299 30.4285 21.53339 16.30563 14.77178 15.79868 17.10093 15.89813 15.17138 14.77396 10.55855 20.13305
43.00051 13.64895 30.84287 32.40907 24.446 17.52065 15.54607 33.03033 44.52988 9.790236 27.54423 26.72275 29.94549 16.06099 23.9435 46.68509 38.71489 1.624022 30.7405 30.58841 23.67603 19.77986 15.00708 14.52791 17.22069 12.12392 3.863172 21.40129 33.06926 36.88197 36.16247 30.25006 23.54935 23.57801 32.22694 39.76247 41.81814 43.8486 42.34932 38.29472 33.06926 28.87482 29.48438 33.83842 38.67998 43.80163 46.16129 44.72089 37.4136 27.84156 28.73077 33.5415 38.24765 40.77762 40.88475 37.92081 32.79285 29.37071 24.9242 14.06216 6.361 19.85776 23.45492
40.30193 13.48045 36.02929 29.41196 22.77845 21.41457 14.38759 42.53451 32.53153 14.09627 24.06783 28.2609 35.01336 30.20183 10.27736 42.31313 42.97758 10.2366 27.57543 34.5389 26.10509 18.2928 16.29737 18.01464 12.95484 10.40179 22.59984 33.22898 33.55647 26.38816 13.05624 10.66741 15.0219 15.16892 10.93246 22.95568 31.25378 33.20477 36.69796 42.61308 46.09105 47.52847 49.10217 48.9342 45.84405 40.22444 31.61496 21.9896 7.833743 11.26286 15.53969 11.04952 3.33594 11.41321 15.48578 16.35844 14.63583 12.93745 8.667953 8.891418 24.98063 30.31026 22.3422
43.49484 19.4101 39.86416 30.14286 25.46996 23.84604 19.06402 45.46735 23.72841 20.13876 25.41939 26.18598 32.48862 34.84353 7.540781 37.55433 42.52193 15.10287 21.38427 33.80056 27.95391 22.09878 16.29719 10.76035 16.57894 28.06186 34.55248 30.26744 14.94876 10.27099 21.53266 19.96392 17.08341 17.86924 16.45626 10.17345 9.547181 11.39333 7.407382 6.545267 8.131802 13.57777 17.81155 17.77721 12.97454 6.264049 12.43792 15.16026 16.61576 24.6172 29.63061 31.83965 28.94537 25.95652 25.47374 25.92056 26.96059 27.12354 22.71315 23.81635 32.21024 24.72671 18.85025
42.60003 22.8118 39.79912 34.6905 32.93658 23.25859 27.071 44.2705 19.65359 18.95383 17.10579 19.64868 32.12589 32.85837 4.738032 35.30438 40.52623 17.37443 15.37914 30.09554 29.42114 23.59221 17.71176 22.56087 34.73035 38.31777 24.62215 8.396351 20.13694 25.31387 15.8 17.60795 16.8939 13.8543 16.0103 16.33446 19.53541 22.15812 20.89259 28.40669 32.78095 30.01314 26.2409 20.85407 19.74013 28.10163 27.45206 20.34825 16.91863 25.07259 23.43903 26.58186 26.91014 28.15651 29.3193 30.39752 29.71266 26.81316 19.53047 22.52521 31.38862 17.05118 18.27656
21.30997 13.50145 32.4334 38.29719 39.53923 18.21996 34.4958 41.44466 12.85722 11.46062 17.12815 26.71672 30.86753 27.09445 4.010056 34.70031 40.63989 21.01361 13.65776 25.27035 26.54766 26.78285 30.83834 37.90383 35.52466 15.1004 17.5785 28.71603 26.47852 15.15992 20.63056 17.39828 15.57224 20.42217 19.73013 16.53388 14.46513 15.63819 24.06167 28.87352 31.30516 31.08763 30.0813 22.82564 19.16958 21.09914 23.35079 17.90659 20.58217 27.14189 19.84066 23.19185 22.45774 22.67437 22.44055 19.41463 14.71204 23.29011 12.23954 29.94951 30.70352 14.61554 19.30166
