Data/slopeperc1.asc
ncols         357
nrows         223
xllcorner     457900
yllcorner     5716800
cellsize      100
NODATA_value  -9999
[rows 84 to 111 of 223, columns 126 to 188 of 357]
77.01364 48.71087 40.74086 32.82197 32.69525 35.54727 31.88601 22.1893 15.50867 15.49413 16.68422 16.74583 21.64753 27.84879 28.67209 24.36666 20.09967 16.62045 13.39551 15.6902 16.86646 11.61749 15.89398 30.71812 37.03955 32.69918 33.14492 36.30064 31.69977 29.54764 26.84142 22.4474 19.96956 18.16715 15.83719 12.95836 11.30299 16.12514 32.5364 47.96994 47.19352 42.79116 31.04741 25.66843 32.01493 37.7393 28.16478 11.31437 3.298043 18.31007 34.25736 26.93597 19.95183 14.6398 36.17186 55.20138 55.33879 47.22078 40.16491 46.09307 50.77589 53.39433 44.52701
54.03714 35.74277 33.10277 32.23495 35.11239 37.64666 32.0015 24.67219 24.81136 26.81233 26.3181 25.53742 25.65309 24.90844 20.80899 14.52931 9.693585 10.70331 14.89027 20.94617 29.12167 31.30716 25.42629 23.25824 32.01055 41.11074 43.24698 36.71802 24.90069 17.01444 14.61983 13.29408 11.0057 8.094348 6.639774 5.938794 5.351654 7.610781 17.78203 31.36877 36.17946 32.6476 25.47181 22.72781 24.88388 23.53743 12.45422 2.092004 13.25286 31.18357 40.09067 21.02591 23.69006 18.54735 48.94363 64.97753 53.59405 45.59981 43.50294 49.01065 46.97222 39.28962 23.15424
49.35555 35.62604 27.07716 28.83149 38.78137 43.2926 34.37099 26.16082 24.37536 26.08938 27.37618 24.40702 18.06193 12.61581 8.879145 9.400228 10.89686 9.897156 8.684941 11.01435 16.43315 29.85575 33.41395 32.8075 27.43841 27.5309 28.74206 21.9819 12.61581 5.327487 2.045313 2.182323 1.701803 0.9146917 2.182323 2.802096 2.802096 1.701803 3.413048 10.92046 16.1905 16.89658 16.40375 15.45011 11.81498 6.417902 4.320182 16.02067 30.28168 41.60591 37.85423 19.65237 24.63928 22.94596 49.69732 57.39112 42.68101 32.27549 49.2668 51.69425 32.4931 4.312727 16.1905
55.01031 42.51434 43.20729 51.20771 50.43716 42.25012 32.84438 26.32484 24.65075 26.15438 25.65753 19.78921 11.41591 6.600738 5.229891 7.321847 13.19172 16.22407 12.38658 11.41591 26.55849 41.41396 36.71719 36.18131 34.15366 19.76969 11.42718 4.629353 2.338878 7.255625 11.12179 13.81372 15.49361 16.79898 17.22458 17.15532 16.32491 14.0722 11.46373 8.527808 3.336731 2.744044 4.011143 1.293555 3.587676 7.892887 15.48322 34.32376 45.00067 39.25596 23.86816 18.78312 22.75418 19.88654 41.84298 50.38226 50.99045 39.70829 38.30925 37.06956 19.16302 29.13427 31.11262
48.76083 40.33019 48.36393 53.00966 51.08571 44.56834 36.66591 28.66631 27.81863 29.9358 24.09999 19.57317 18.71769 18.22646 22.13021 27.65273 30.82027 27.57699 23.68111 25.96268 38.86669 44.12427 37.32262 37.00746 31.39642 14.0354 3.336694 6.639549 15.13625 21.44344 31.15257 40.45128 42.15509 36.95961 34.27365 36.24222 36.68697 33.32641 28.28777 23.7137 20.42118 17.31754 14.22668 12.03062 12.49249 15.35784 22.44065 35.02862 31.19593 16.26746 4.066866 13.03946 20.1627 9.093788 36.87157 51.24482 52.97626 44.10311 38.26848 25.36841 42.89138 49.63464 32.22188
46.14838 40.9379 43.481 39.93446 36.98269 42.41411 43.83917 36.08343 30.82097 27.48435 25.23204 22.84399 29.78568 29.63622 31.08708 32.41268 30.38462 27.02509 27.08693 31.20382 41.73423 43.63391 38.34701 32.72488 20.90063 5.333343 4.342323 15.57611 28.45304 41.07443 51.87828 54.05554 48.96114 39.61491 37.36011 43.23163 45.66404 41.8051 32.90041 25.34909 31.03321 41.19099 38.56289 26.36821 17.81196 19.9265 21.49266 24.59008 23.06129 11.11865 4.786448 11.83362 24.67498 17.98097 23.85818 54.00254 50.90973 45.71052 55.40482 60.27159 62.89351 46.76688 23.57052
49.89796 44.23979 33.34882 28.07705 40.97514 42.14574 33.04057 33.4211 30.97163 25.67295 25.15001 24.35841 27.68234 30.85505 27.68351 25.92116 24.16877 23.83092 27.95761 34.74653 39.83639 39.07388 32.4748 20.35127 6.615123 5.130328 16.4969 28.92379 41.87615 48.39144 47.91568 41.86308 40.00485 35.99016 30.67726 27.37142 25.75679 28.77769 26.36913 21.05683 36.58602 46.12205 49.89796 39.2874 17.96107 20.95574 20.78461 20.57299 21.98969 15.97368 17.38761 29.62069 36.59745 40.45594 13.54985 37.15241 51.54605 50.83261 49.12788 46.30169 38.57663 21.68765 10.57264
37.3248 31.65561 30.11161 30.332 42.11701 48.69843 35.29373 25.16507 27.58072 26.77569 23.28294 24.1858 20.42206 23.4989 23.6504 21.43671 21.74667 24.79411 30.11161 34.76836 35.22346 31.45576 19.10835 2.892346 8.188652 18.31038 32.80369 44.34971 47.51932 41.39888 33.99347 34.24714 45.98529 51.90005 36.27649 17.62086 16.56484 21.45621 23.40561 24.94934 28.97348 23.25666 32.51899 43.49333 16.2847 25.39924 24.31715 24.45042 23.98005 22.64684 29.4198 39.562 40.69733 49.33646 37.54741 5.079848 25.14972 29.28277 28.24014 19.71011 8.401984 5.672357 10.84593
19.01699 11.18751 18.64451 35.77144 52.61369 49.77223 35.74715 24.02938 21.26164 24.39745 23.9395 23.72755 24.1842 20.87681 23.72077 25.75246 27.93856 29.60154 30.73629 29.28244 25.78243 18.28028 4.129491 8.386558 17.29631 28.70539 41.60928 50.73516 45.29034 32.53741 29.95594 37.10651 42.47256 55.96458 48.26185 32.47406 23.35993 26.81381 33.504 28.61445 14.46157 8.40189 21.29189 34.64188 17.94095 33.58074 29.92155 30.63563 32.04318 33.79944 37.63343 35.11786 22.65511 38.50647 43.0078 20.62875 25.97514 22.35344 16.74432 13.70067 17.02633 25.18907 33.40879
24.70905 13.31706 18.83317 43.19841 51.98312 43.23117 30.0489 22.71868 19.38542 19.13484 21.4842 23.03372 23.59674 17.26632 16.75181 23.10763 27.14385 27.77192 24.42881 18.08899 11.2333 2.393116 8.466644 17.01291 24.60728 33.09491 43.9552 48.37583 37.14075 30.42028 29.70429 36.90002 29.94271 36.5795 53.05581 45.7176 37.5517 37.67744 34.60524 27.44444 13.53038 9.548907 22.06344 9.850753 34.97517 41.07258 34.34299 33.71614 33.92163 34.09476 29.52721 9.669445 14.4614 25.41386 34.65263 15.64754 34.76109 40.65211 41.55309 38.32765 36.76462 37.22383 44.38134
30.10525 34.46885 40.18199 51.1282 58.42274 39.67759 28.02417 22.89335 20.80687 19.78765 20.36457 22.89335 23.13937 19.73392 19.3187 22.53642 22.24472 17.72404 11.80301 5.603685 1.434957 10.30088 17.51588 24.39954 30.44426 36.09298 40.36095 37.45347 32.18372 30.65279 31.89048 33.29227 38.46464 32.48521 57.18544 55.00596 41.77733 30.28957 26.69415 26.31297 17.47358 20.2187 16.51954 30.349 46.06413 43.03824 39.58829 38.23645 35.28159 29.49526 13.93091 12.1018 16.12332 14.97494 22.79759 13.63209 41.4068 50.2491 56.00756 60.25644 54.04058 42.1614 46.96196
30.85331 50.98584 62.6016 61.36626 53.65819 40.99638 28.17499 28.48502 27.8488 26.0287 22.33685 21.24276 20.99444 19.98158 19.36007 19.10412 14.76708 7.102593 1.793676 7.268261 15.00054 22.89169 28.23886 32.28716 37.13992 39.85433 32.50465 27.23199 34.90716 35.00656 31.88205 36.1816 47.7057 37.06621 53.83657 50.85695 33.50767 23.73217 26.51972 26.41153 21.56294 24.98816 24.56354 31.4707 38.85368 42.63519 54.03283 53.44191 41.83919 30.71431 22.58892 22.66712 21.04647 22.62735 21.59871 11.96531 36.67617 48.09995 35.12309 44.70321 56.25626 52.84803 45.4703
56.92532 60.58255 54.77731 50.14542 44.6076 39.83208 30.81853 30.8467 32.97596 27.68163 20.30716 16.06899 13.7071 11.18701 9.892786 9.053964 4.6566 3.745263 11.47098 17.66546 24.30122 31.04216 35.44002 36.55275 36.78087 36.53074 29.94921 24.57373 29.89007 41.87868 38.03395 38.57819 48.45526 34.17749 48.89611 52.96601 38.29276 28.32954 25.72505 26.38564 25.83985 26.63563 21.5612 17.39938 33.58784 44.50362 48.41142 52.41526 52.9101 41.00298 34.86896 30.49214 28.27953 30.49214 24.73164 9.187999 29.72926 42.47064 43.51306 38.46628 40.84182 50.87472 39.4702
68.49949 58.54014 48.97971 45.2117 44.4018 41.15914 33.71366 27.4561 24.15088 18.97696 15.17292 13.19023 12.05344 10.65667 7.863408 3.693321 4.879215 15.07721 23.00892 25.15314 28.8067 34.17522 34.6956 31.99817 29.2368 31.62601 29.71702 24.61662 20.29901 38.4106 50.5856 37.44705 36.47215 25.57047 43.14056 62.80285 54.77904 38.25534 25.51883 23.50141 27.61033 26.57971 22.21358 5.586245 32.48907 45.67611 57.1503 36.67534 42.88551 47.08079 36.28733 27.6313 25.29598 35.94169 28.24733 8.757643 31.53637 40.23504 43.93857 51.9851 52.46314 37.3507 46.3022
50.27564 49.46281 48.42428 43.32462 37.32185 29.9786 20.45822 10.83617 6.401974 7.81407 9.745124 10.32537 9.412634 5.3328 2.282899 7.940672 18.15897 26.91259 31.06839 32.17527 33.29077 33.16587 31.03006 29.90231 27.45579 27.91248 29.60823 22.28273 20.75794 29.58105 51.32874 48.49266 27.10318 15.35611 21.11444 56.96867 63.30267 42.51284 26.89226 21.66788 23.63356 25.71821 24.50369 5.795347 27.63099 41.80393 59.71472 55.10632 9.944458 43.62653 35.03018 22.919 21.6337 38.60649 36.65738 7.731292 35.00537 48.01866 48.64104 50.77483 53.39131 30.54416 42.16864
24.87865 22.7511 18.70849 15.24661 10.18724 3.532972 5.204516 9.866401 10.32525 7.647531 3.880138 3.054382 2.611513 5.856025 12.8264 19.74258 28.98529 32.78405 32.54868 31.36791 30.66785 31.39252 33.1393 33.73675 29.97826 24.15034 26.76365 21.56196 21.82002 29.20972 48.49609 50.89892 20.49569 12.5141 9.497587 40.62957 64.44024 45.82977 32.97483 17.04198 18.4749 26.74081 19.78165 6.829805 19.5329 39.23342 53.67375 59.53005 22.40343 33.66993 38.45494 23.03216 16.1563 28.36489 33.90985 7.613804 31.77144 53.20238 48.34395 39.5633 42.80646 41.22694 24.7308
2.044989 2.392927 6.964983 9.092555 11.61815 14.5821 15.06816 13.83961 13.75567 13.92997 11.824 11.92424 12.5755 17.25005 22.30387 26.14931 32.35699 32.50084 31.6402 29.61625 27.67573 31.0915 35.23814 38.88707 35.30473 27.98206 24.36226 29.19948 26.6634 34.33559 45.86644 38.01785 10.36245 12.4908 22.02083 20.94262 60.30305 57.11626 42.25077 28.01653 25.62364 23.14198 13.31601 3.085782 14.56665 34.63874 48.60884 56.36106 34.20417 27.54057 48.29347 29.97792 26.15669 27.74191 18.26454 12.4908 19.28405 49.10596 51.07437 42.54213 43.96416 48.33009 33.32479
9.507528 8.874016 9.658585 11.9241 14.52668 15.27367 14.74646 12.9335 13.52202 16.81929 19.73399 21.20494 20.62665 24.95168 29.65499 29.30143 30.61571 30.71746 29.45036 26.40974 24.54484 25.69857 29.58005 38.63517 32.40829 30.29461 22.28198 36.81289 35.62813 35.56578 28.69687 18.26434 12.2698 13.23346 28.10105 12.2698 43.88091 63.75171 51.66557 34.88543 23.13754 16.6037 11.72825 4.437008 12.7456 29.41648 44.88403 56.09267 38.7117 23.41533 51.41779 33.03744 24.93105 13.31102 16.69066 23.64772 8.446859 37.64328 46.5219 42.77016 46.02834 42.94729 44.53363
14.50879 10.94203 10.03418 12.13787 13.65915 13.529 14.00795 14.61703 16.3949 19.81023 22.77859 24.68179 25.47071 28.23549 29.69802 24.91657 23.28142 25.7283 24.48157 24.53932 25.9883 23.51787 26.5661 39.10069 28.42624 29.27913 21.88405 38.98204 34.40314 15.75862 2.835826 14.60161 15.05714 15.99768 31.64965 25.23216 36.27375 71.9263 51.312 33.75848 23.34765 18.90796 15.82584 7.394929 11.49262 25.17345 41.11928 54.30885 45.33917 15.19537 51.95246 39.99058 30.64372 16.45757 25.53251 25.6795 18.3765 26.43014 43.20072 41.46517 41.10285 54.80236 58.13817
20.66981 15.89057 11.70328 14.81794 15.44089 14.41298 14.61686 14.97342 14.00549 13.48121 16.60332 22.73734 28.75221 30.7534 27.87399 22.35642 21.09495 22.94156 24.5456 26.80568 27.36034 27.22953 27.27084 38.15171 34.20395 29.32162 32.64392 36.44409 23.03112 10.39929 14.7243 15.05697 14.22653 16.44761 28.51292 28.36474 21.91612 69.71441 62.99345 41.98508 27.81392 20.42402 16.72109 6.599545 9.302095 22.64377 37.67062 49.55878 51.61457 6.028981 48.34443 44.71284 30.08081 17.4054 23.9513 28.50389 29.3808 16.68835 38.3401 38.87417 39.25542 38.72827 27.90744
33.88611 29.81409 20.11593 19.07016 18.29363 17.27163 16.79576 15.83361 14.78953 16.10952 21.81437 26.08901 28.07261 29.07009 27.81361 25.76895 25.97781 26.02729 27.41171 27.85867 27.25756 30.03231 32.89484 33.7682 36.78542 21.10691 29.44936 22.64636 3.412354 18.43725 15.5466 11.12544 18.10984 23.93625 21.44106 24.04753 8.132261 51.84716 75.76698 58.71274 37.039 24.31358 19.31651 8.214904 6.805829 21.70794 36.23034 44.34319 52.61023 21.6129 42.53341 51.39415 27.94283 16.85884 17.2474 26.48061 36.12899 7.320441 23.6646 28.66561 21.14954 26.62115 43.199
48.41779 44.14276 29.83209 21.44082 19.00912 17.59067 17.90781 18.92943 21.23884 26.67998 30.90607 30.39924 28.77281 28.01494 28.13067 30.74015 34.07127 33.94737 30.3219 28.91888 33.89427 36.34163 33.68866 30.75689 30.5133 12.52096 8.909789 3.449814 10.79963 17.24907 12.77275 9.849417 28.1855 28.07115 11.48383 15.26034 24.1487 12.72229 63.47577 75.13175 52.24273 33.00185 26.30115 16.05133 6.401468 20.1157 35.70138 39.6532 50.5365 38.78051 30.5133 57.02962 33.03498 20.32409 12.52866 19.69883 35.37282 19.96483 15.27087 15.99714 29.68726 44.1311 51.65327
41.0305 45.58123 34.08126 25.20041 22.49336 19.14212 17.80854 19.74102 24.55917 28.59193 28.58969 27.22861 27.96981 27.86382 26.43747 31.39004 36.46756 37.99158 35.10223 31.60754 36.39693 35.40877 27.87305 25.05704 17.97215 1.931608 12.93526 12.84293 13.46404 16.20472 11.3909 13.15959 30.74294 27.24632 12.09218 12.59254 27.26992 16.84128 34.94242 76.26288 65.63645 40.14211 28.02037 20.03697 11.01186 15.54625 31.65533 36.46138 49.28374 52.92175 16.32929 59.12304 51.006 33.48045 25.94749 25.61688 33.73408 22.6643 27.15645 19.63647 26.6845 45.33712 50.40081
28.32602 41.95942 41.56587 34.99446 30.89913 25.64671 20.45771 20.13922 23.94619 24.39332 22.86187 23.74114 27.08142 29.19497 28.92379 30.7405 31.64786 31.99355 34.90888 33.06926 31.21294 30.75933 21.3064 13.15456 6.584609 9.657929 13.63481 11.69175 13.69835 16.67989 9.651267 15.20298 27.5839 24.31275 13.84084 11.79037 26.28098 29.15087 5.915609 56.10492 72.91357 52.2163 28.986 20.056 13.95885 9.301676 24.00387 32.7536 47.19489 60.77805 33.52999 41.15527 62.38929 43.82732 28.30898 26.14847 28.47551 20.00461 27.33794 26.55734 23.47137 40.81153 45.37703
38.72608 45.31694 47.14526 41.95358 36.89115 30.49117 24.0036 24.79324 26.54371 25.14106 25.31444 28.3257 30.88108 30.57965 29.49059 26.39303 24.60703 21.07545 21.98522 24.33892 27.25161 27.76142 13.71697 2.586496 8.974232 13.70524 13.18128 11.69162 13.78013 14.9274 7.540867 16.0187 24.73609 21.2578 12.55389 11.87992 25.03722 32.35705 15.47955 25.22535 70.25233 71.06712 37.48618 20.82213 18.5564 10.61906 15.68595 27.05617 42.87718 62.39425 57.29103 16.99489 51.2483 51.25521 30.45423 28.96458 17.08549 31.76112 39.47789 40.59693 39.32197 45.91275 43.03367
54.68228 51.41064 45.35899 41.64378 37.10371 30.6455 22.11624 26.34394 28.58647 30.19084 34.1414 36.64141 32.03703 23.14796 17.2315 13.38452 12.99683 13.27595 15.43985 14.17801 20.31526 18.26797 3.449658 6.27431 9.624352 14.14167 15.70217 14.43653 13.67924 12.48953 6.594222 15.43985 23.98725 21.40682 13.34361 11.96342 21.70671 30.26532 25.35225 7.866431 51.67521 80.85235 52.79095 25.4649 19.94458 14.03207 6.129099 19.35701 37.96573 58.98051 66.82304 42.36734 23.3141 57.94904 47.25647 31.21223 18.34878 41.85487 45.3072 49.75168 48.26924 47.48935 47.39443
59.35925 56.34784 50.68615 43.55568 36.99826 30.18091 25.338 31.57149 30.85433 32.5555 34.61254 31.21188 21.40658 13.83805 11.88777 9.547073 3.812761 10.03327 18.85174 19.85709 16.21985 10.00759 13.32899 13.87518 10.45706 10.32397 16.32855 17.15086 13.47776 10.8436 6.584386 12.7443 22.57797 22.1407 15.22149 12.72157 18.81075 28.87273 32.21287 20.61987 24.66913 72.78262 69.72688 39.09797 24.62215 19.31687 7.105917 9.865174 32.57624 53.87881 65.90488 61.47525 15.06859 52.09614 60.28984 34.92704 20.40507 37.70348 33.23307 31.10453 38.10229 34.10708 32.71613
66.97874 66.64418 62.07587 46.6685 37.0543 26.08201 35.64486 37.40675 34.23094 32.89223 25.7956 14.35802 7.700978 6.360712 7.963773 8.858502 5.783385 4.593221 16.60957 24.09907 25.52992 24.00279 22.29822 17.45365 12.76433 8.194654 13.74695 20.80597 15.61967 10.09706 6.767377 9.690738 19.80497 22.33137 18.8225 14.72297 16.01614 26.65767 34.86766 28.07383 4.825415 48.20614 74.25861 55.35911 35.38406 29.19585 23.35079 7.759225 22.62183 51.40447 63.01277 64.14585 39.4904 27.93947 63.86446 47.50858 24.3381 24.27459 29.27615 16.61538 3.177827 0.5072364 20.69904
